C:\downloads\data\MNI\bite-us\group1\02\pre\sweep_2b\2d\2b.2dus.00001sm.png	1	0.103894052788179	0.177064897411813	-0.0183909765521291	176.77614036275719	-0.0311582423028669	-0.00287943582678939	-0.203710073893242	-53.403417268005057	-0.17524993893261	0.105487867987382	0.0253162282952129	-108.32397512769852	0	0	0	1
C:\downloads\data\MNI\bite-us\group1\02\pre\sweep_2b\2d\2b.2dus.00002sm.png	2	0.10402740157805	0.176986010212846	-0.0183963132012291	176.77208286141325	-0.0308589526071553	-0.00304383094625242	-0.203753240336631	-53.426809304079519	-0.175223788707324	0.105615560504921	0.0249624989164063	-108.4300685672027	0	0	0	1
C:\downloads\data\MNI\bite-us\group1\02\pre\sweep_2b\2d\2b.2dus.00003sm.png	3	0.104068427002279	0.176966223845956	-0.018354530923419	176.77690590063855	-0.0306691230848663	-0.00310344083233953	-0.203781002377418	-53.389341883737742	-0.175232755940541	0.10564697634747	0.0247658616620213	-108.45975050242041	0	0	0	1
C:\downloads\data\MNI\bite-us\group1\02\pre\sweep_2b\2d\2b.2dus.00004sm.png	4	0.104064660503034	0.176966962524568	-0.0183687589809867	176.75276470589642	-0.0307811485548212	-0.00305289971147518	-0.203764873405703	-53.475477930864528	-0.175215349476223	0.105647211590461	0.0248877218459742	-108.51382178186441	0	0	0	1
C:\downloads\data\MNI\bite-us\group1\02\pre\sweep_2b\2d\2b.2dus.00005sm.png	5	0.104155754550211	0.176888654533564	-0.01860496646212	176.76586770037244	-0.0309820251855665	-0.00318882182049645	-0.203732347142169	-53.47780285686396	-0.17512579556855	0.105774262707722	0.0249783824558848	-108.61081159763275	0	0	0	1
C:\downloads\data\MNI\bite-us\group1\02\pre\sweep_2b\2d\2b.2dus.00006sm.png	6	0.10425141258574	0.176826655375798	-0.0186583162688011	176.78850817080794	-0.0309855908895653	-0.00323242415478173	-0.203731118490291	-53.489505034672376	-0.175068236682565	0.105876554162628	0.0249485917825963	-108.62303696519528	0	0	0	1
C:\downloads\data\MNI\bite-us\group1\02\pre\sweep_2b\2d\2b.2dus.00007sm.png	7	0.104161566917924	0.176870556932912	-0.018743900479001	176.74303941640198	-0.0310942767846801	-0.00328011139376093	-0.203713797088999	-53.557509895440042	-0.175102442280172	0.105801731073484	0.0250257609203312	-108.58616820209275	0	0	0	1
C:\downloads\data\MNI\bite-us\group1\02\pre\sweep_2b\2d\2b.2dus.00008sm.png	8	0.104555299734171	0.176661805227704	-0.0185185403349115	176.67654066184443	-0.0306004019894982	-0.00325499030304723	-0.203788971638043	-53.779615165628854	-0.174954725742459	0.106150699246287	0.0245774763106248	-108.98101080094992	0	0	0	1
C:\downloads\data\MNI\bite-us\group1\02\pre\sweep_2b\2d\2b.2dus.00009sm.png	9	0.10469695865105	0.176579403375608	-0.0185038835138836	176.6765855434908	-0.0305798997500047	-0.00322756112807524	-0.203792484957713	-53.803364079021989	-0.17487357703364	0.10628855296474	0.024559377208946	-109.0567220787751	0	0	0	1
C:\downloads\data\MNI\bite-us\group1\02\pre\sweep_2b\2d\2b.2dus.00010sm.png	10	0.104691659917698	0.176575666617381	-0.0185693891603241	176.64718413822189	-0.0306665494679911	-0.00325136981780679	-0.203779085735132	-53.890618788415566	-0.174861575114274	0.106294035070623	0.0246210406439804	-109.03486709319706	0	0	0	1
C:\downloads\data\MNI\bite-us\group1\02\pre\sweep_2b\2d\2b.2dus.00011sm.png	11	0.105012468362683	0.176401616800153	-0.0184110521952564	176.51741827653885	-0.0305819287578261	-0.00306784774166966	-0.203794644549718	-54.409594630099349	-0.174683938832018	0.106588072687264	0.0246111691949808	-109.48917569178539	0	0	0	1
C:\downloads\data\MNI\bite-us\group1\02\pre\sweep_2b\2d\2b.2dus.00012sm.png	12	0.105184858421936	0.1763047366049	-0.0183546196752668	176.46950711000724	-0.0305613598986242	-0.0029870949822662	-0.203798928342411	-54.639487709709385	-0.174583791355167	0.106750533735919	0.0246178468247609	-109.69107183019025	0	0	0	1
C:\downloads\data\MNI\bite-us\group1\02\pre\sweep_2b\2d\2b.2dus.00013sm.png	13	0.105227469697701	0.176286096976244	-0.0182892528320644	176.41347732299144	-0.0306075515748059	-0.0028763002288389	-0.203793588017906	-54.806697758389006	-0.174550017965211	0.106784353950077	0.0247105312136111	-109.79103147567781	0	0	0	1
C:\downloads\data\MNI\bite-us\group1\02\pre\sweep_2b\2d\2b.2dus.00014sm.png	14	0.105245395063771	0.176283896122019	-0.0182071431097779	176.38874175141328	-0.030582079181596	-0.00279400167013203	-0.203798555607278	-54.90809245437346	-0.174543675379092	0.106790172119761	0.024730190282192	-109.90478027507552	0	0	0	1
C:\downloads\data\MNI\bite-us\group1\02\pre\sweep_2b\2d\2b.2dus.00015sm.png	15	0.105126024099746	0.176362414710515	-0.0181364519279144	176.38780019849952	-0.0307627486607004	-0.00262147063022503	-0.2037736517155	-54.976074982693127	-0.174583858692202	0.10666482976066	0.0249860284403637	-109.76302460795408	0	0	0	1
C:\downloads\data\MNI\bite-us\group1\02\pre\sweep_2b\2d\2b.2dus.00016sm.png	16	0.105148741194778	0.176349689922137	-0.0181284596567646	176.39608120483931	-0.0308884397410401	-0.00253165555644675	-0.203755771075771	-55.009776845209423	-0.174547981596918	0.106688035520247	0.025137190436031	-109.70450331352264	0	0	0	1
C:\downloads\data\MNI\bite-us\group1\02\pre\sweep_2b\2d\2b.2dus.00017sm.png	17	0.105372531515042	0.176215814657405	-0.0181305075601422	176.47507801771985	-0.0309512637448451	-0.00245824131674624	-0.203747134979466	-55.11364073318429	-0.174401835537213	0.106910724686139	0.0252056208512542	-109.95112194113965	0	0	0	1
C:\downloads\data\MNI\bite-us\group1\02\pre\sweep_2b\2d\2b.2dus.00018sm.png	18	0.10561234153261	0.176107761503617	-0.0177814448436245	176.25032598363697	-0.0305702860028604	-0.00224823471792449	-0.203807067164617	-55.657327083089349	-0.174323957888017	0.107093235629043	0.0249686449823899	-110.26730556453766	0	0	0	1
C:\downloads\data\MNI\bite-us\group1\02\pre\sweep_2b\2d\2b.2dus.00019sm.png	19	0.105542629521033	0.176152933356063	-0.0177480152461778	176.20358223726373	-0.0306806903843834	-0.00215333662038621	-0.20379149942157	-55.815413910482889	-0.17434678074276	0.107020869694248	0.0251190437229561	-110.27016577827489	0	0	0	1
C:\downloads\data\MNI\bite-us\group1\02\pre\sweep_2b\2d\2b.2dus.00020sm.png	20	0.105698397742123	0.176065040783565	-0.017692838208826	176.24523686906252	-0.0305619808348702	-0.00213647381000506	-0.203809513131981	-55.937983576186511	-0.174273249255982	0.107165741877712	0.0250115867598841	-110.38815406636039	0	0	0	1
C:\downloads\data\MNI\bite-us\group1\02\pre\sweep_2b\2d\2b.2dus.00021sm.png	21	0.105745818343944	0.176049453329873	-0.0175640922156297	176.11072108267501	-0.0303307409237862	-0.00212174239987138	-0.203844208352047	-56.221789890255536	-0.174284880072323	0.107191639273317	0.0248188441550844	-110.42398476911096	0	0	0	1
C:\downloads\data\MNI\bite-us\group1\02\pre\sweep_2b\2d\2b.2dus.00022sm.png	22	0.106169903313012	0.175815785749604	-0.0173443088426816	176.18291653072049	-0.0303225515624291	-0.00180186621906593	-0.203848500056576	-56.804103514910295	-0.174028290405008	0.107580305344601	0.024937875103544	-110.9524479614665	0	0	0	1
C:\downloads\data\MNI\bite-us\group1\02\pre\sweep_2b\2d\2b.2dus.00023sm.png	23	0.106196767440789	0.175812764622449	-0.0172099567176728	176.11339107640333	-0.0304519414626284	-0.00156157604655992	-0.203831189816252	-57.217756880055845	-0.173989301999646	0.107588998576628	0.0251713544946065	-111.19107712327607	0	0	0	1
C:\downloads\data\MNI\bite-us\group1\02\pre\sweep_2b\2d\2b.2dus.00024sm.png	24	0.106221768795232	0.175802340599115	-0.0171620601912218	176.10457229815697	-0.0303926136176988	-0.00153852851649643	-0.20384021945081	-57.338185921068764	-0.173984413771861	0.107606362769757	0.0251309025596943	-111.25159054557453	0	0	0	1
C:\downloads\data\MNI\bite-us\group1\02\pre\sweep_2b\2d\2b.2dus.00025sm.png	25	0.106370441353234	0.175714429862324	-0.0171412786581556	176.1214608600491	-0.0304103980339484	-0.00147847670356903	-0.20383801045274	-57.569818908384704	-0.17389044902402	0.107750696440697	0.0251629827297608	-111.40151654489034	0	0	0	1
C:\downloads\data\MNI\bite-us\group1\02\pre\sweep_2b\2d\2b.2dus.00026sm.png	26	0.106453961719067	0.17567158893391	-0.0170616002280592	176.10822652725327	-0.0302902384160792	-0.00144649354033155	-0.203856129922843	-57.732534249286189	-0.173860308452082	0.107820961953289	0.0250701761015926	-111.38778384687875	0	0	0	1
C:\downloads\data\MNI\bite-us\group1\02\pre\sweep_2b\2d\2b.2dus.00027sm.png	27	0.106489061239517	0.175654983432599	-0.0170134233861689	176.1011102131051	-0.0302019896289361	-0.00143943872478869	-0.203869272948729	-57.801688404457522	-0.173854165963375	0.107848106845278	0.0249959318943256	-111.36208576396692	0	0	0	1
C:\downloads\data\MNI\bite-us\group1\02\pre\sweep_2b\2d\2b.2dus.00028sm.png	28	0.106502113177071	0.175651999659822	-0.0169624521659511	176.10099746659424	-0.0300550034362055	-0.00146926815627876	-0.203890781862445	-57.865476684949186	-0.173871642372494	0.107852564203409	0.0248547365156991	-111.40796747952744	0	0	0	1
C:\downloads\data\MNI\bite-us\group1\02\pre\sweep_2b\2d\2b.2dus.00029sm.png	29	0.106357124917831	0.175740048095782	-0.016960418846263	176.09821580098276	-0.0301851131048967	-0.00141039693963223	-0.203871974954283	-58.016915862214773	-0.173937840305374	0.107709821346173	0.0250099112358654	-111.50688496622531	0	0	0	1
C:\downloads\data\MNI\bite-us\group1\02\pre\sweep_2b\2d\2b.2dus.00030sm.png	30	0.106578690004703	0.175639329630468	-0.0166090014347704	175.92505352028275	-0.0296959090206024	-0.00126892750642062	-0.203944734499633	-58.666813513594349	-0.1738864203679	0.107875738924945	0.0246499488932592	-111.58563063425727	0	0	0	1
C:\downloads\data\MNI\bite-us\group1\02\pre\sweep_2b\2d\2b.2dus.00031sm.png	31	0.106791616652581	0.175531057655929	-0.0163841150329877	175.86542282851116	-0.0291746474709533	-0.00129654934324129	-0.204019781837677	-58.921328869317215	-0.173844016065305	0.108051497429008	0.0241748429719563	-111.89947344117503	0	0	0	1
C:\downloads\data\MNI\bite-us\group1\02\pre\sweep_2b\2d\2b.2dus.00032sm.png	32	0.107063850335981	0.175382322090554	-0.0161987790607362	175.69324930515228	-0.0289319521912793	-0.00118814808438744	-0.204054998537651	-59.462897037005163	-0.173717084530212	0.108293992173686	0.024001890924816	-112.07368157896143	0	0	0	1
C:\downloads\data\MNI\bite-us\group1\02\pre\sweep_2b\2d\2b.2dus.00033sm.png	33	0.107049147146252	0.175398061305469	-0.0161254273279784	175.62076556549059	-0.0288685214497251	-0.00114468347753393	-0.204064229909292	-59.576348025427762	-0.173736697127024	0.108268966600216	0.0239727825719891	-112.05152294197175	0	0	0	1
C:\downloads\data\MNI\bite-us\group1\02\pre\sweep_2b\2d\2b.2dus.00034sm.png	34	0.106994715688246	0.175447337537969	-0.0159498361456935	175.57588968325862	-0.028501288647435	-0.00117773144096852	-0.204115657736698	-59.663453728368523	-0.173830833640834	0.10818874265907	0.0236502565074218	-111.9535525782626	0	0	0	1
C:\downloads\data\MNI\bite-us\group1\02\pre\sweep_2b\2d\2b.2dus.00035sm.png	35	0.107125460273478	0.175365020222345	-0.0159772387004983	175.6595203482438	-0.0288677762407186	-0.000960401811842694	-0.204065283063183	-59.830271336675452	-0.173689776959244	0.108324266207697	0.0240628703831548	-112.20671646593584	0	0	0	1
C:\downloads\data\MNI\bite-us\group1\02\pre\sweep_2b\2d\2b.2dus.00036sm.png	36	0.107129663936327	0.175357871668973	-0.0160274064437088	175.68170102411318	-0.0290443948355587	-0.000907944367435428	-0.204040459092096	-59.891644863853415	-0.17365773693552	0.108336290408216	0.0242393674711401	-112.25752409693209	0	0	0	1
C:\downloads\data\MNI\bite-us\group1\02\pre\sweep_2b\2d\2b.2dus.00037sm.png	37	0.107075910551518	0.1754057290079	-0.0158622420654985	175.54852211074302	-0.0291146845409227	-0.000680679967631056	-0.204031322562642	-60.153876510156174	-0.173679117592433	0.108260455590435	0.024424216041066	-112.35378840162272	0	0	0	1
C:\downloads\data\MNI\bite-us\group1\02\pre\sweep_2b\2d\2b.2dus.00038sm.png	38	0.107060664055654	0.175430846940703	-0.0156865051840437	175.41808513126639	-0.0289353460094336	-0.000590459204902328	-0.204057113257673	-60.398304031014007	-0.173718482975523	0.108220278313514	0.0243220419225551	-112.37710752992081	0	0	0	1
C:\downloads\data\MNI\bite-us\group1\02\pre\sweep_2b\2d\2b.2dus.00039sm.png	39	0.107042661910822	0.175457543679031	-0.0155098847422597	175.22657011600631	-0.0285135406692637	-0.000650517889884799	-0.20411629980346	-60.587492537155633	-0.173799303489939	0.10817664503605	0.0239356067199512	-112.38602052611996	0	0	0	1
C:\downloads\data\MNI\bite-us\group1\02\pre\sweep_2b\2d\2b.2dus.00040sm.png	40	0.107215504380061	0.175357926317827	-0.0154422050153199	175.20619438166065	-0.0286232480312821	-0.000475570936470569	-0.204101424329877	-60.979456286328471	-0.173674686286486	0.108338962744045	0.0241056120023207	-112.52012583831352	0	0	0	1
C:\downloads\data\MNI\bite-us\group1\02\pre\sweep_2b\2d\2b.2dus.00041sm.png	41	0.1072404055817	0.175349305724143	-0.0153669873344842	175.1921580410434	-0.0284917269022645	-0.000466028961995896	-0.204119847790955	-61.080583425157997	-0.17368093813899	0.108352956294359	0.0239974389734693	-112.55234478942361	0	0	0	1
C:\downloads\data\MNI\bite-us\group1\02\pre\sweep_2b\2d\2b.2dus.00042sm.png	42	0.10714214642465	0.175406449929574	-0.0154003573562636	175.17162449745135	-0.0287066676181472	-0.000386727357306321	-0.204089894429559	-61.220667349657134	-0.173706186009078	0.108260736667153	0.0242296847741968	-112.36947372112468	0	0	0	1
C:\downloads\data\MNI\bite-us\group1\02\pre\sweep_2b\2d\2b.2dus.00043sm.png	43	0.107172950060031	0.175398617511864	-0.0152747105693419	175.19347873002974	-0.0286015727231895	-0.000300997416963671	-0.204104792566457	-61.345249002573759	-0.173704519737486	0.10827369816415	0.0241836826735002	-112.41634903592987	0	0	0	1
C:\downloads\data\MNI\bite-us\group1\02\pre\sweep_2b\2d\2b.2dus.00044sm.png	44	0.10735772827763	0.175299757133403	-0.0151108450112797	175.19794978759234	-0.028258228063447	-0.000294625921583572	-0.204152621483674	-61.547171403040437	-0.173646601146758	0.108433701786833	0.023881020573145	-112.49001596021341	0	0	0	1
C:\downloads\data\MNI\bite-us\group1\02\pre\sweep_2b\2d\2b.2dus.00045sm.png	45	0.107652597511356	0.175133706257512	-0.0149369477669602	175.09191265640411	-0.0285201275349743	0.000119571543383644	-0.204116370278127	-62.261894929095419	-0.173421082739346	0.108702023779748	0.0242966790964458	-112.56929820076206	0	0	0	1
C:\downloads\data\MNI\bite-us\group1\02\pre\sweep_2b\2d\2b.2dus.00046sm.png	46	0.107729067463564	0.175088574572208	-0.01491455997488	175.070433377592	-0.0285561645821152	0.000180780564931697	-0.204111285839376	-62.439809424140677	-0.173367658032951	0.108774618874622	0.0243530805644457	-112.67905131573779	0	0	0	1
C:\downloads\data\MNI\bite-us\group1\02\pre\sweep_2b\2d\2b.2dus.00047sm.png	47	0.107863494438785	0.175010354163658	-0.0148606967336544	175.04416527269822	-0.0285129555673183	0.000238491297014588	-0.204117266351259	-62.71466328498768	-0.17329116912385	0.108900314031098	0.0243358769947907	-112.83317281870809	0	0	0	1
C:\downloads\data\MNI\bite-us\group1\02\pre\sweep_2b\2d\2b.2dus.00048sm.png	48	0.107839502378904	0.175037309890556	-0.0147167553909799	174.98170189146131	-0.0282248162358913	0.00022150178065236	-0.204157328820058	-62.811638814269571	-0.173353260249587	0.108857018248242	0.0240860091971866	-112.77161026728231	0	0	0	1
C:\downloads\data\MNI\bite-us\group1\02\pre\sweep_2b\2d\2b.2dus.00049sm.png	49	0.107888958048174	0.175010150971254	-0.0146771384462212	174.95246756608134	-0.0284220510454051	0.000399682695322721	-0.204129690116292	-63.012418838602201	-0.173290251052078	0.10890016827086	0.0243430659384367	-113.03088700804919	0	0	0	1
C:\downloads\data\MNI\bite-us\group1\02\pre\sweep_2b\2d\2b.2dus.00050sm.png	50	0.108031791327376	0.174932048113462	-0.0145568646128549	174.99278014596032	-0.0281686477038879	0.000403999144816933	-0.204164804354813	-63.259518013192171	-0.173242635379323	0.109025568864281	0.0241197842990004	-113.22679300531385	0	0	0	1
C:\downloads\data\MNI\bite-us\group1\02\pre\sweep_2b\2d\2b.2dus.00051sm.png	51	0.108115878421834	0.174885867291713	-0.0144871623080255	175.00452949305819	-0.0280290658376101	0.000411140404697314	-0.204183999749317	-63.342039311412961	-0.173212816111818	0.109099604599891	0.0239989585994454	-113.29779510836481	0	0	0	1
C:\downloads\data\MNI\bite-us\group1\02\pre\sweep_2b\2d\2b.2dus.00052sm.png	52	0.108204279638581	0.17483687707896	-0.0144181671855821	174.96831666045065	-0.0279279965795545	0.000442323361420235	-0.204197782991129	-63.449013323681655	-0.173173936373198	0.109177974436148	0.0239231167648049	-113.4134196730914	0	0	0	1
C:\downloads\data\MNI\bite-us\group1\02\pre\sweep_2b\2d\2b.2dus.00053sm.png	53	0.108299028542105	0.174782411097985	-0.0143668890302017	174.9340922709583	-0.0278286881151068	0.000454865225052186	-0.204211313194028	-63.611035021801158	-0.173130690227553	0.109265096014516	0.0238383242362058	-113.45028834099881	0	0	0	1
C:\downloads\data\MNI\bite-us\group1\02\pre\sweep_2b\2d\2b.2dus.00054sm.png	54	0.108554304262252	0.174628560694178	-0.0143105821546409	174.89139652306847	-0.0276329536538855	0.000437931435294811	-0.204237928737476	-63.799732758010705	-0.173002122133057	0.10951088231129	0.0236433784101799	-113.68444865907735	0	0	0	1
C:\downloads\data\MNI\bite-us\group1\02\pre\sweep_2b\2d\2b.2dus.00055sm.png	55	0.108478883556373	0.174684512398975	-0.0141993911558338	174.80726782687381	-0.0277703248363857	0.00064278083466572	-0.204218750714795	-64.060018789406058	-0.173027432058864	0.109420598149483	0.0238749405552805	-113.77857879519833	0	0	0	1
C:\downloads\data\MNI\bite-us\group1\02\pre\sweep_2b\2d\2b.2dus.00056sm.png	56	0.108428830014955	0.174720309621944	-0.0141412746559869	174.76346376810852	-0.0278505361037553	0.000753342608312445	-0.204207447777349	-64.194952200277868	-0.173045912475163	0.109362723170129	0.0240057547807076	-113.81782501555962	0	0	0	1
C:\downloads\data\MNI\bite-us\group1\02\pre\sweep_2b\2d\2b.2dus.00057sm.png	57	0.10848186899159	0.174686120199041	-0.0141567515027385	174.74428317298694	-0.0278126854678174	0.000719911997223065	-0.204212727490498	-64.305976173220628	-0.173018756183254	0.109417551038131	0.0239516587527373	-113.75876108238	0	0	0	1
C:\downloads\data\MNI\bite-us\group1\02\pre\sweep_2b\2d\2b.2dus.00058sm.png	58	0.108572555533559	0.174628995926888	-0.0141661075018613	174.74009371709752	-0.0276797507389079	0.000639491926470275	-0.204231057334065	-64.399009973622029	-0.172983186893942	0.109509196738459	0.0237892887174401	-113.6938639102151	0	0	0	1
C:\downloads\data\MNI\bite-us\group1\02\pre\sweep_2b\2d\2b.2dus.00059sm.png	59	0.108648447849852	0.174588150493071	-0.0140873559816598	174.74639698537064	-0.0274414112785984	0.000592852834118751	-0.204263359940086	-64.473715775462509	-0.172973509795278	0.109574566262366	0.0235575853316729	-113.71382730973785	0	0	0	1
C:\downloads\data\MNI\bite-us\group1\02\pre\sweep_2b\2d\2b.2dus.00060sm.png	60	0.108452154008981	0.174713442343386	-0.0140469409006181	174.76217170631136	-0.0276139321710477	0.000717871862632409	-0.204239705662521	-64.513566297868721	-0.173069212758669	0.109373932283578	0.0237857041402477	-113.53709341365537	0	0	0	1
C:\downloads\data\MNI\bite-us\group1\02\pre\sweep_2b\2d\2b.2dus.00061sm.png	61	0.108322894067049	0.174794332829662	-0.0140382603905301	174.82074528087045	-0.0277970505328357	0.000822798204739426	-0.204214466359293	-64.581847127548969	-0.173120842092032	0.109243871921529	0.0240065119087135	-113.54651764510528	0	0	0	1
C:\downloads\data\MNI\bite-us\group1\02\pre\sweep_2b\2d\2b.2dus.00062sm.png	62	0.108408905235727	0.174748302930455	-0.0139469296262813	174.80376044736545	-0.0275357504303624	0.000778470317481045	-0.20425003824754	-65.187930544950632	-0.173108760835113	0.109317811657344	0.0237558133749277	-113.66490476174712	0	0	0	1
C:\downloads\data\MNI\bite-us\group1\02\pre\sweep_2b\2d\2b.2dus.00063sm.png	63	0.108475010867172	0.174721887720353	-0.0137626032011351	174.77501572308023	-0.0271138836995452	0.000738096033852204	-0.204306619362068	-65.400235612971571	-0.173133938591297	0.109360305889938	0.0233736962673283	-113.83868021413393	0	0	0	1
C:\downloads\data\MNI\bite-us\group1\02\pre\sweep_2b\2d\2b.2dus.00064sm.png	64	0.108610742006384	0.174640249772228	-0.013727984480931	174.77983707757181	-0.0270182706979998	0.00073955546027259	-0.204319280426249	-65.905916349318375	-0.173063777646718	0.109490618574719	0.0232832069830868	-113.92833340793773	0	0	0	1
C:\downloads\data\MNI\bite-us\group1\02\pre\sweep_2b\2d\2b.2dus.00065sm.png	65	0.108513878442362	0.174702475952463	-0.0137024372440938	174.66509704877245	-0.0269517461189448	0.000712163327153588	-0.204328164097428	-66.155464855746686	-0.173134898072505	0.109391485309114	0.0232202112258343	-113.96190006746392	0	0	0	1
C:\downloads\data\MNI\bite-us\group1\02\pre\sweep_2b\2d\2b.2dus.00066sm.png	66	0.108688765334202	0.174578586559778	-0.0138935409742733	174.83118051428499	-0.0270956733293189	0.00060707197656256	-0.204309468337918	-66.45387791288772	-0.173002682467637	0.109589725417417	0.0232711045268495	-114.0983437315049	0	0	0	1
C:\downloads\data\MNI\bite-us\group1\02\pre\sweep_2b\2d\2b.2dus.00067sm.png	67	0.108698113543318	0.174574002423661	-0.0138779861938553	174.9355568620756	-0.0270594057438311	0.000603776859168677	-0.204314284765112	-66.592570039382267	-0.173002485638083	0.10959704589973	0.023238076068169	-114.04643025403087	0	0	0	1
C:\downloads\data\MNI\bite-us\group1\02\pre\sweep_2b\2d\2b.2dus.00068sm.png	68	0.108532610753956	0.174707018293444	-0.0134946374220478	174.85775512358393	-0.0266160522907843	0.000746136957543101	-0.204372041946586	-67.456801252020341	-0.173175083448586	0.109384004211376	0.022954234264218	-113.76910817622107	0	0	0	1
C:\downloads\data\MNI\bite-us\group1\02\pre\sweep_2b\2d\2b.2dus.00069sm.png	69	0.108497265891909	0.174736775923872	-0.0133933117358165	174.8393299141722	-0.0264779631516002	0.000772030173730393	-0.204389882048828	-67.723780069038071	-0.17321839430431	0.109336281479668	0.0228545171911268	-113.65675862544332	0	0	0	1
C:\downloads\data\MNI\bite-us\group1\02\pre\sweep_2b\2d\2b.2dus.00070sm.png	70	0.108520367908927	0.174742998234224	-0.0131222904415318	174.78589456536741	-0.0260913912392358	0.000848734952839243	-0.204439285023974	-68.012866365904102	-0.173262576502119	0.109325768031847	0.0225680719531032	-113.57290186104809	0	0	0	1
C:\downloads\data\MNI\bite-us\group1\02\pre\sweep_2b\2d\2b.2dus.00071sm.png	71	0.108517552428205	0.17474048877375	-0.0131788501542015	174.8827149334364	-0.0262445007644676	0.000878736532013375	-0.204419558862339	-68.461708818379321	-0.173241214376534	0.109329541954029	0.0227133331408253	-113.54628913059429	0	0	0	1
C:\downloads\data\MNI\bite-us\group1\02\pre\sweep_2b\2d\2b.2dus.00072sm.png	72	0.108547942000426	0.174722479146315	-0.0131672928898866	174.90607901695651	-0.0263275087820904	0.00094933038700198	-0.204408567991974	-68.619216642524606	-0.173209578063228	0.10935773128335	0.0228187065507369	-113.61088208985294	0	0	0	1
C:\downloads\data\MNI\bite-us\group1\02\pre\sweep_2b\2d\2b.2dus.00073sm.png	73	0.108624793359747	0.174678013003874	-0.0131232636275973	174.97786333091412	-0.0261649836971999	0.000910017661234851	-0.204429614855541	-68.749748760457976	-0.173186025012753	0.109429077395061	0.0226549367909478	-113.68909921943984	0	0	0	1
C:\downloads\data\MNI\bite-us\group1\02\pre\sweep_2b\2d\2b.2dus.00074sm.png	74	0.108678298151178	0.174667669439855	-0.0128143356214914	175.04599347233312	-0.0257967007928317	0.00104714880575766	-0.204475756946221	-69.592203491089947	-0.173207705091919	0.109444360615281	0.0224140862645807	-113.66114014160408	0	0	0	1
C:\downloads\data\MNI\bite-us\group1\02\pre\sweep_2b\2d\2b.2dus.00075sm.png	75	0.108696513065529	0.17465982629163	-0.0127666375360765	175.0914476406997	-0.0257255893329192	0.0010608240917755	-0.20448464527931	-69.730354317537021	-0.173206851668488	0.109456745204138	0.02236015318023	-113.70005635972191	0	0	0	1
C:\downloads\data\MNI\bite-us\group1\02\pre\sweep_2b\2d\2b.2dus.00076sm.png	76	0.108716840099754	0.174644513337249	-0.012802926459448	175.11345392906418	-0.0257489327331777	0.00103615416671438	-0.204481833934833	-69.823553616826942	-0.173190624763199	0.109481412506406	0.0223651135464912	-113.61808770334686	0	0	0	1
C:\downloads\data\MNI\bite-us\group1\02\pre\sweep_2b\2d\2b.2dus.00077sm.png	77	0.108900728646729	0.174532460546136	-0.0127676671136324	175.14908891806658	-0.0254825889962609	0.000936568117559995	-0.204515678543199	-70.208016034122181	-0.173114471729834	0.109660851695272	0.0220739109746442	-113.79045142510948	0	0	0	1
C:\downloads\data\MNI\bite-us\group1\02\pre\sweep_2b\2d\2b.2dus.00078sm.png	78	0.10895214860719	0.174503497074953	-0.0127247034631795	175.12548114349372	-0.0253170827486181	0.000889722297448938	-0.204536442603997	-70.293926034596993	-0.173106400803138	0.109707325377592	0.0219056889392297	-113.80818785709064	0	0	0	1
C:\downloads\data\MNI\bite-us\group1\02\pre\sweep_2b\2d\2b.2dus.00079sm.png	79	0.108974540038448	0.174486313529398	-0.0127684548790034	175.10968471143849	-0.0253821218202169	0.000882979991699533	-0.204528410900583	-70.421825283732844	-0.173082780424145	0.109734707708703	0.0219551664469065	-113.98979858174474	0	0	0	1
C:\downloads\data\MNI\bite-us\group1\02\pre\sweep_2b\2d\2b.2dus.00080sm.png	80	0.109026376170483	0.174465755184282	-0.0126057838613955	175.10576055674625	-0.0251975179839447	0.000964358932862132	-0.204550867576762	-71.137885928423316	-0.173077109262379	0.109766705418748	0.021839652608497	-113.9195471751916	0	0	0	1
C:\downloads\data\MNI\bite-us\group1\02\pre\sweep_2b\2d\2b.2dus.00081sm.png	81	0.109083761587654	0.174429430466167	-0.0126118790202853	175.10260628380419	-0.0251027287332999	0.000905545305062507	-0.204562791593961	-71.2362796094381	-0.173054723518518	0.109824920275904	0.0217241442199576	-114.01592212351257	0	0	0	1
C:\downloads\data\MNI\bite-us\group1\02\pre\sweep_2b\2d\2b.2dus.00082sm.png	82	0.108998125729204	0.174483278085037	-0.0126076218809556	175.05305120008666	-0.0253287018596734	0.00104119601595553	-0.204534287107685	-71.410975434902767	-0.173075754551771	0.109738147051131	0.0219933377886196	-114.093275236701	0	0	0	1
C:\downloads\data\MNI\bite-us\group1\02\pre\sweep_2b\2d\2b.2dus.00083sm.png	83	0.108815509589173	0.174609104647292	-0.0124425086100842	175.1757975884193	-0.0253602765177225	0.00122744002450667	-0.204529339231969	-71.698648889603732	-0.173186005819851	0.109535899612487	0.0221329395257005	-113.91256929284712	0	0	0	1
C:\downloads\data\MNI\bite-us\group1\02\pre\sweep_2b\2d\2b.2dus.00084sm.png	84	0.108840678458748	0.174592056303061	-0.0124615189908329	175.2746358528359	-0.0253410967257164	0.00119679879234741	-0.204531898493319	-71.743227225608138	-0.173172997009977	0.109563410348432	0.0220985674283668	-113.91794776081039	0	0	0	1
C:\downloads\data\MNI\bite-us\group1\02\pre\sweep_2b\2d\2b.2dus.00085sm.png	85	0.108948778272166	0.174531982101925	-0.0123577739397848	175.29574069122091	-0.0251104979397934	0.00118851372763534	-0.204560386058212	-71.811469342318233	-0.173138609126498	0.109659171970939	0.0218921793843114	-114.04122294326115	0	0	0	1
C:\downloads\data\MNI\bite-us\group1\02\pre\sweep_2b\2d\2b.2dus.00086sm.png	86	0.109054920908505	0.17446768906851	-0.0123291268305848	175.23423681186659	-0.0248942477569533	0.00110071771808853	-0.204587308195805	-72.342772403437962	-0.173103009847592	0.109762348873638	0.0216554749663059	-114.13571475927695	0	0	0	1
C:\downloads\data\MNI\bite-us\group1\02\pre\sweep_2b\2d\2b.2dus.00087sm.png	87	0.10909431036437	0.174445171655055	-0.0122991546935615	175.20905464583947	-0.0248399783013415	0.00110723125632283	-0.204593869280512	-72.534449074725828	-0.173085985244768	0.109798066758222	0.0216104855539843	-114.1297879976599	0	0	0	1
C:\downloads\data\MNI\bite-us\group1\02\pre\sweep_2b\2d\2b.2dus.00088sm.png	88	0.108984477868948	0.174520049865031	-0.0122106086276401	175.19978183145957	-0.0246296115141473	0.00106174509235675	-0.204619542452895	-72.636389748543223	-0.173185210639753	0.109679461300307	0.0214167579837971	-114.0220965384769	0	0	0	1
C:\downloads\data\MNI\bite-us\group1\02\pre\sweep_2b\2d\2b.2dus.00089sm.png	89	0.108962204206253	0.17453515327304	-0.0121935648057839	175.20970120723706	-0.0245292024743766	0.00101493347834572	-0.204631841792361	-72.830225636902327	-0.173213474200266	0.109655868610169	0.0213086822966475	-113.97382510041128	0	0	0	1
C:\downloads\data\MNI\bite-us\group1\02\pre\sweep_2b\2d\2b.2dus.00090sm.png	90	0.109082692410935	0.174455651442839	-0.0122535208587323	175.24140590468821	-0.0244034614361194	0.000882255037241061	-0.204647492129128	-73.298849553561297	-0.173155388741898	0.109783453417915	0.021123182313501	-113.93845603770903	0	0	0	1
C:\downloads\data\MNI\bite-us\group1\02\pre\sweep_2b\2d\2b.2dus.00091sm.png	91	0.109107840604831	0.174443912691366	-0.0121965761386092	175.21327354291697	-0.0240078520580312	0.000701826848348335	-0.204694980619906	-73.505893249050018	-0.173194842654598	0.109803406607726	0.0206915943981526	-114.02558452577287	0	0	0	1
C:\downloads\data\MNI\bite-us\group1\02\pre\sweep_2b\2d\2b.2dus.00092sm.png	92	0.109112818505069	0.174443320583623	-0.0121604637116808	175.19505270985476	-0.0237956362063538	0.000610375842032502	-0.204720053771749	-73.592150159161207	-0.173220991509272	0.109804893714945	0.0204635369678649	-114.08538287855534	0	0	0	1
C:\downloads\data\MNI\bite-us\group1\02\pre\sweep_2b\2d\2b.2dus.00093sm.png	93	0.109155223915361	0.174419826803474	-0.0121167330365647	175.17248767660851	-0.0236669088146909	0.000585961285106433	-0.204735047287726	-73.722780455353714	-0.173211910338709	0.109842341589562	0.0203390961411644	-114.0935266603108	0	0	0	1
C:\downloads\data\MNI\bite-us\group1\02\pre\sweep_2b\2d\2b.2dus.00094sm.png	94	0.10921585205309	0.174391654956761	-0.0119749920197045	175.15697509432479	-0.0234505054069013	0.000623464061247951	-0.204759836290084	-73.966166322812484	-0.173203125897078	0.109886856869537	0.0201728195305475	-114.04980360373457	0	0	0	1
C:\downloads\data\MNI\bite-us\group1\02\pre\sweep_2b\2d\2b.2dus.00095sm.png	95	0.109197636315559	0.174409446911983	-0.0118817195771041	174.99102902294783	-0.023081931014363	0.000496775674333383	-0.204802060875309	-74.616367015095449	-0.173264110674379	0.109859261696251	0.0197958137075352	-113.86283833535933	0	0	0	1
C:\downloads\data\MNI\bite-us\group1\02\pre\sweep_2b\2d\2b.2dus.00096sm.png	96	0.109196757162706	0.174414584955657	-0.011814219737368	174.96800549029317	-0.0229039557180756	0.000463108171574704	-0.204822120723799	-74.730519104433554	-0.173288281201165	0.109851251354852	0.0196279574441399	-113.87520559492685	0	0	0	1
C:\downloads\data\MNI\bite-us\group1\02\pre\sweep_2b\2d\2b.2dus.00097sm.png	97	0.109256492063104	0.174384733652887	-0.0117019788102208	174.95712241792393	-0.0227427749019043	0.000500688273788912	-0.204839991725136	-74.812810240571508	-0.17327185719518	0.109898468227377	0.019508334659772	-113.93654213798594	0	0	0	1
C:\downloads\data\MNI\bite-us\group1\02\pre\sweep_2b\2d\2b.2dus.00098sm.png	98	0.109215387714352	0.174409613009128	-0.0117149892008103	175.01239542518613	-0.0227727958506397	0.000498999070319411	-0.20483666044888	-74.890111683497906	-0.173293826259302	0.109858987928134	0.0195354857477737	-113.92208412581135	0	0	0	1
C:\downloads\data\MNI\bite-us\group1\02\pre\sweep_2b\2d\2b.2dus.00099sm.png	99	0.109082183006048	0.174490922171184	-0.0117455522097726	175.07212899967436	-0.022719780873873	0.000411928471452729	-0.204842742374419	-74.976175606340789	-0.173384659851207	0.109730158723315	0.0194531884029625	-113.8012469974035	0	0	0	1
C:\downloads\data\MNI\bite-us\group1\02\pre\sweep_2b\2d\2b.2dus.00100sm.png	100	0.109046415307511	0.17452017440396	-0.0116427596764726	175.18537364502029	-0.0224913376288832	0.000383418696238163	-0.204868007016205	-75.1778660387005	-0.173436934948372	0.109683731951345	0.0192478437117101	-113.7841230170051	0	0	0	1
C:\downloads\data\MNI\bite-us\group1\02\pre\sweep_2b\2d\2b.2dus.00101sm.png	101	0.109031480124986	0.174533140519723	-0.0115882053849283	175.24546158785796	-0.0223752195813887	0.000372111497315585	-0.204880742913876	-75.283772471021891	-0.173461342248006	0.10966313752586	0.0191449293088571	-113.77974612065582	0	0	0	1
C:\downloads\data\MNI\bite-us\group1\02\pre\sweep_2b\2d\2b.2dus.00102sm.png	102	0.108988038583128	0.174564370079127	-0.0115264347619606	175.2962151200922	-0.0224962394976063	0.000515465272935527	-0.20486717727528	-75.385163693873793	-0.173472989304702	0.109612838358878	0.0193265262311502	-113.83906717891951	0	0	0	1
C:\downloads\data\MNI\bite-us\group1\02\pre\sweep_2b\2d\2b.2dus.00103sm.png	103	0.108923394075466	0.174608276222534	-0.0114725355472781	175.34487013701386	-0.0225870735716693	0.000627616020839574	-0.204856867892784	-75.467854698842231	-0.173501785854178	0.109542299187963	0.0194673635734585	-113.88029038703129	0	0	0	1
C:\downloads\data\MNI\bite-us\group1\02\pre\sweep_2b\2d\2b.2dus.00104sm.png	104	0.108838043923349	0.174663693567722	-0.011439175657181	175.39609428214854	-0.0224497864330569	0.000568940987048062	-0.204872130732066	-75.517831712752894	-0.173573150711997	0.109454236071948	0.0193258621751672	-113.84127103249222	0	0	0	1
C:\downloads\data\MNI\bite-us\group1\02\pre\sweep_2b\2d\2b.2dus.00105sm.png	105	0.108898848754065	0.174629785555198	-0.0113778818290571	175.45733142606855	-0.0225138912295214	0.000689266416623101	-0.204864724742709	-75.774565881280864	-0.173526703437209	0.109507635566714	0.0194402160585754	-113.9242955093135	0	0	0	1
C:\downloads\data\MNI\bite-us\group1\02\pre\sweep_2b\2d\2b.2dus.00106sm.png	106	0.108933831119797	0.174614069570749	-0.0112837736657174	175.45615114203642	-0.0224084414413063	0.00073773922739896	-0.204876116559732	-76.011674423237892	-0.173518395433382	0.109532377804162	0.0193749052769394	-113.93732865866887	0	0	0	1
C:\downloads\data\MNI\bite-us\group1\02\pre\sweep_2b\2d\2b.2dus.00107sm.png	107	0.108961048449996	0.174602132862093	-0.0112053895257626	175.35715378238558	-0.022455892960232	0.000863266843956185	-0.204870428699439	-76.487389738285856	-0.173495170411388	0.109550487488754	0.0194802548574256	-114.02402596337033	0	0	0	1
C:\downloads\data\MNI\bite-us\group1\02\pre\sweep_2b\2d\2b.2dus.00108sm.png	108	0.109169676465817	0.174493861133456	-0.0108554665288251	175.24080506338686	-0.0221971395487106	0.0011379982232869	-0.20489728055958	-77.278317655967882	-0.173397289771912	0.109720356932712	0.0193957960640071	-114.14370618087941	0	0	0	1
C:\downloads\data\MNI\bite-us\group1\02\pre\sweep_2b\2d\2b.2dus.00109sm.png	109	0.109193154100964	0.174480638953865	-0.0108317851774021	175.23010924552597	-0.0222433969338607	0.00119817819834504	-0.204891920118679	-77.403987395007761	-0.17337657787131	0.10974074146786	0.0194655372177993	-114.14741146936356	0	0	0	1
C:\downloads\data\MNI\bite-us\group1\02\pre\sweep_2b\2d\2b.2dus.00110sm.png	110	0.109222513860714	0.174458346572387	-0.0108945495868041	175.2189435421175	-0.0223525224741828	0.00119742480538659	-0.204880048080901	-77.517497332619371	-0.173344046823154	0.109776185139237	0.0195552634064202	-114.20403396951717	0	0	0	1
C:\downloads\data\MNI\bite-us\group1\02\pre\sweep_2b\2d\2b.2dus.00111sm.png	111	0.109575947911766	0.174251268969923	-0.0106560697714354	175.09110142009277	-0.0218883456649393	0.00122964142422906	-0.204929967743194	-78.549361374623246	-0.173180147035769	0.11010423508203	0.0191595964734698	-114.55622316423877	0	0	0	1
C:\downloads\data\MNI\bite-us\group1\02\pre\sweep_2b\2d\2b.2dus.00112sm.png	112	0.109678319657593	0.17418243856387	-0.0107276448453362	175.16809126239488	-0.0219568638090724	0.00120236342608657	-0.20492279990187	-78.827218300640297	-0.173106654097401	0.110213391912211	0.0191962849446681	-114.87477886961643	0	0	0	1
C:\downloads\data\MNI\bite-us\group1\02\pre\sweep_2b\2d\2b.2dus.00113sm.png	113	0.109721842887026	0.174150691097466	-0.0107976258425225	175.17935351783353	-0.0220022248091621	0.00115457713359962	-0.204918209882147	-79.097924412313944	-0.173073310076864	0.110264060693307	0.0192060452485033	-114.79916577030619	0	0	0	1
C:\downloads\data\MNI\bite-us\group1\02\pre\sweep_2b\2d\2b.2dus.00114sm.png	114	0.109853121911795	0.17408062237924	-0.0105904485820842	175.19079886403239	-0.0218272156857606	0.00130402352638537	-0.204936027100216	-79.949428861656656	-0.173012183460241	0.11037298479863	0.0191311482780298	-115.1982395800858	0	0	0	1
C:\downloads\data\MNI\bite-us\group1\02\pre\sweep_2b\2d\2b.2dus.00115sm.png	115	0.109762106054286	0.1741422526245	-0.0105209867334321	175.10232207360599	-0.0218181658670829	0.00136817614756427	-0.204936571715563	-80.313733337339301	-0.173071080994961	0.110274944042397	0.0191636126774982	-115.19889632990343	0	0	0	1
C:\downloads\data\MNI\bite-us\group1\02\pre\sweep_2b\2d\2b.2dus.00116sm.png	116	0.110101375469345	0.173952264484645	-0.0101101933485016	174.96678468854216	-0.0214928399172779	0.00168849216150947	-0.204968553950899	-81.86235168149517	-0.172896200988018	0.11056996885929	0.0190423087087513	-115.45317402114077	0	0	0	1
C:\downloads\data\MNI\bite-us\group1\02\pre\sweep_2b\2d\2b.2dus.00117sm.png	117	0.110283421635168	0.173837803031741	-0.010094237505887	174.94226384888495	-0.0214944927291628	0.00173201728097727	-0.204968016914065	-82.332380499041022	-0.172779932453963	0.110749165648756	0.0190565487619512	-115.76861370709217	0	0	0	1
C:\downloads\data\MNI\bite-us\group1\02\pre\sweep_2b\2d\2b.2dus.00118sm.png	118	0.110393553615998	0.173779214649935	-0.00989705815379014	174.9154294765921	-0.0214254389197703	0.00193466535004078	-0.204973431761916	-82.937895914086127	-0.172718167113849	0.110837723561496	0.0191016792683275	-116.10002742753116	0	0	0	1
C:\downloads\data\MNI\bite-us\group1\02\pre\sweep_2b\2d\2b.2dus.00119sm.png	119	0.110376810975083	0.173779924888192	-0.0100697787033514	174.85465273031963	-0.0216879761432387	0.00189719618249418	-0.204946169567845	-83.305936441033097	-0.172696099127402	0.110837257685126	0.019302869619818	-116.13422091458131	0	0	0	1
C:\downloads\data\MNI\bite-us\group1\02\pre\sweep_2b\2d\2b.2dus.00120sm.png	120	0.110516953253888	0.17368604002858	-0.0101516722406444	174.82474201372082	-0.0209230772705513	0.00132731986975163	-0.205030160377652	-83.844358035933155	-0.172700837418493	0.110992599121804	0.0183442232176483	-116.34573580920939	0	0	0	1
C:\downloads\data\MNI\bite-us\group1\02\pre\sweep_2b\2d\2b.2dus.00121sm.png	121	0.110502934236832	0.173685044656684	-0.0103198745897507	174.81545031606498	-0.0208808613558964	0.00109982968667004	-0.205035813620307	-83.987757500321464	-0.172714916895231	0.110996643984967	0.0181865049071206	-116.56838692538351	0	0	0	1
C:\downloads\data\MNI\bite-us\group1\02\pre\sweep_2b\2d\2b.2dus.00122sm.png	122	0.110455102559662	0.173713769278882	-0.0103485398354889	174.7565427527484	-0.0210023941269141	0.00113810362230253	-0.205023190687209	-84.255446857584346	-0.17273077642248	0.110951297521605	0.0183120900755673	-116.51025619019561	0	0	0	1
C:\downloads\data\MNI\bite-us\group1\02\pre\sweep_2b\2d\2b.2dus.00123sm.png	123	0.110589276819161	0.17362209480871	-0.0104530627321729	174.68610961518874	-0.020900169603093	0.0009656714686154	-0.205034523853673	-84.622589534562053	-0.172657308351594	0.111096332124466	0.0181248764641623	-116.52348420647212	0	0	0	1
C:\downloads\data\MNI\bite-us\group1\02\pre\sweep_2b\2d\2b.2dus.00124sm.png	124	0.110715077338337	0.173537994551312	-0.0105173360749533	174.66722010930886	-0.0208558263425161	0.000876742343827282	-0.205039439965701	-84.762183315422618	-0.172582031282452	0.111228391648135	0.0180318423813143	-116.75572234766408	0	0	0	1
C:\downloads\data\MNI\bite-us\group1\02\pre\sweep_2b\2d\2b.2dus.00125sm.png	125	0.110760211788671	0.173507779442324	-0.0105404586972131	174.65475830612272	-0.020870932343067	0.000864726796029502	-0.205037954038526	-84.835613226635516	-0.172551241756472	0.111275613048061	0.0180352369924441	-116.86631429888267	0	0	0	1
C:\downloads\data\MNI\bite-us\group1\02\pre\sweep_2b\2d\2b.2dus.00126sm.png	126	0.110719889585657	0.173530046723024	-0.010597456018536	174.64430382830497	-0.0208293217445285	0.000765562465861293	-0.205042581002097	-84.885174472034009	-0.172582144991431	0.111241611535772	0.0179490261897396	-116.80374536016436	0	0	0	1
C:\downloads\data\MNI\bite-us\group1\02\pre\sweep_2b\2d\2b.2dus.00127sm.png	127	0.110610480782178	0.173593128357665	-0.0107065350329324	174.61340821067276	-0.0206846709943128	0.000530136322169402	-0.205057971202241	-84.848548791781212	-0.172669676813947	0.111144518898319	0.0177068402950841	-116.76018384391159	0	0	0	1
C:\downloads\data\MNI\bite-us\group1\02\pre\sweep_2b\2d\2b.2dus.00128sm.png	128	0.110956099066795	0.173381494894413	-0.0105576832037883	174.4905798672271	-0.020267727269054	0.00047867944333863	-0.205099729294684	-85.896832525023541	-0.172497288892514	0.111474604430017	0.0173080908202508	-117.04124307238705	0	0	0	1
C:\downloads\data\MNI\bite-us\group1\02\pre\sweep_2b\2d\2b.2dus.00129sm.png	129	0.111160690416258	0.173260131210932	-0.0103961805459165	174.41445066753766	-0.0200952731753573	0.000582508120317886	-0.205116428122108	-86.416342180799532	-0.17238570783632	0.111662647988126	0.0172076722339435	-117.22789611917334	0	0	0	1
C:\downloads\data\MNI\bite-us\group1\02\pre\sweep_2b\2d\2b.2dus.00130sm.png	130	0.111145725193202	0.173269748979907	-0.0103959364155022	174.20055827385099	-0.0201335135301541	0.000605794117234021	-0.205112610255062	-87.185052737135052	-0.172390895259143	0.111647599349862	0.0172532680853802	-117.42684489380269	0	0	0	1
C:\downloads\data\MNI\bite-us\group1\02\pre\sweep_2b\2d\2b.2dus.00131sm.png	131	0.11113741897493	0.173273788530029	-0.0104174001063029	174.14982575970114	-0.0200929321102846	0.00055311649311242	-0.205116739243672	-87.348453885443305	-0.172400984761813	0.111641603397907	0.0171911226013567	-117.50772461024208	0	0	0	1
C:\downloads\data\MNI\bite-us\group1\02\pre\sweep_2b\2d\2b.2dus.00132sm.png	132	0.111318943803101	0.173154797656367	-0.0104571206131512	174.23081989004561	-0.0198021270229777	0.000338762244213323	-0.20514548759532	-87.373720189345988	-0.172317497312282	0.111826922641125	0.016819963941303	-117.66361906964755	0	0	0	1
C:\downloads\data\MNI\bite-us\group1\02\pre\sweep_2b\2d\2b.2dus.00133sm.png	133	0.111306260584647	0.173161756915053	-0.0104768997782094	174.19757350104751	-0.0196435523503846	0.000210968787394264	-0.205160905911152	-87.444975444688566	-0.172343838212338	0.111816460205654	0.0166183902944606	-117.69295573772018	0	0	0	1
C:\downloads\data\MNI\bite-us\group1\02\pre\sweep_2b\2d\2b.2dus.00134sm.png	134	0.111107243369066	0.173276875548698	-0.0106844666960811	174.11467538659832	-0.0196962362698276	-2.34657744680908e-005	-0.205155965218297	-87.51850607507798	-0.172466199911086	0.111638179795704	0.0165470766601095	-117.49489964760775	0	0	0	1
C:\downloads\data\MNI\bite-us\group1\02\pre\sweep_2b\2d\2b.2dus.00135sm.png	135	0.111015457800962	0.173333956743662	-0.0107128777533749	174.09372193194548	-0.0196479627922668	-9.87378024703163e-005	-0.205160572845251	-87.746811470848058	-0.172530800297793	0.111549491388766	0.0164714067181888	-117.36968177425078	0	0	0	1
C:\downloads\data\MNI\bite-us\group1\02\pre\sweep_2b\2d\2b.2dus.00136sm.png	136	0.110973997045355	0.173360433997187	-0.0107141291940862	174.08359689767195	-0.0196130451009116	-0.000127468495315779	-0.205163898535672	-87.870958861551316	-0.172561443566306	0.111508309173573	0.0164291147808701	-117.31378864053249	0	0	0	1
C:\downloads\data\MNI\bite-us\group1\02\pre\sweep_2b\2d\2b.2dus.00137sm.png	137	0.110938901715887	0.173384310559974	-0.0106913023502613	174.07366415567881	-0.0194653057723388	-0.00019982526454656	-0.205177911989565	-88.012129974147769	-0.172600733837671	0.111471073647677	0.0162681936576805	-117.34630294457043	0	0	0	1
C:\downloads\data\MNI\bite-us\group1\02\pre\sweep_2b\2d\2b.2dus.00138sm.png	138	0.111016794617409	0.173329969829022	-0.0107633843990281	174.07288351361234	-0.0192544870812336	-0.000412765309584436	-0.205197489024814	-88.236693753013952	-0.172574295316988	0.111554966373216	0.0159710266863594	-117.66665033467405	0	0	0	1
C:\downloads\data\MNI\bite-us\group1\02\pre\sweep_2b\2d\2b.2dus.00139sm.png	139	0.111016237738089	0.173330615969133	-0.010758725775955	173.97962788144429	-0.0191913860890018	-0.000448098132071289	-0.205203326823291	-88.54176303569642	-0.172581682175437	0.111553826086265	0.0158989974387571	-117.59365899925332	0	0	0	1
C:\downloads\data\MNI\bite-us\group1\02\pre\sweep_2b\2d\2b.2dus.00140sm.png	140	0.111007987818236	0.173336531447642	-0.0107485702643224	173.9277849708381	-0.019161927724474	-0.000456011661951215	-0.20520606250238	-88.700453579768919	-0.172590261980416	0.111544602100345	0.0158705320883779	-117.53242628639515	0	0	0	1
C:\downloads\data\MNI\bite-us\group1\02\pre\sweep_2b\2d\2b.2dus.00141sm.png	141	0.110984459222735	0.173353440875707	-0.0107188772427627	173.92395649801969	-0.0190330540975387	-0.000506676028504676	-0.205217938008304	-88.827276163017032	-0.172619651334365	0.111518102362866	0.0157364935579979	-117.57746715289829	0	0	0	1
C:\downloads\data\MNI\bite-us\group1\02\pre\sweep_2b\2d\2b.2dus.00142sm.png	142	0.11093386888343	0.173387954802165	-0.010684439454319	173.89894181790808	-0.0188636929388438	-0.000580699890407876	-0.205233380462907	-89.202134495851766	-0.172670753711517	0.111464071591788	0.0155575041873939	-117.55025674925074	0	0	0	1
C:\downloads\data\MNI\bite-us\group1\02\pre\sweep_2b\2d\2b.2dus.00143sm.png	143	0.11099859248898	0.173336083200675	-0.010852301978583	173.89721318752046	-0.0189846514117474	-0.000694428673289476	-0.205221875003976	-89.491246421642913	-0.172615893938768	0.11154406917504	0.0155930497608462	-117.48696649248095	0	0	0	1
C:\downloads\data\MNI\bite-us\group1\02\pre\sweep_2b\2d\2b.2dus.00144sm.png	144	0.111036959637211	0.173305599912698	-0.0109460983768302	173.89994132301891	-0.0190551064586049	-0.000755864274047623	-0.205215128878047	-89.625931826293481	-0.1725834519194	0.111591025834332	0.0156162559250797	-117.46081688544812	0	0	0	1
C:\downloads\data\MNI\bite-us\group1\02\pre\sweep_2b\2d\2b.2dus.00145sm.png	145	0.110975946339651	0.17334405665166	-0.0109560648108535	173.84040841143337	-0.0188954939553373	-0.000877323171315859	-0.205229406006918	-89.773698050990291	-0.172640235768615	0.111530388981025	0.0154204148171969	-117.4220566122746	0	0	0	1
C:\downloads\data\MNI\bite-us\group1\02\pre\sweep_2b\2d\2b.2dus.00146sm.png	146	0.110951644772925	0.173354017090378	-0.0110442657106182	173.85220804860307	-0.0189016533483975	-0.000980357659834455	-0.205228374138683	-90.049187696516512	-0.172655180596819	0.111514048425063	0.0153711509826759	-117.41177288432795	0	0	0	1
C:\downloads\data\MNI\bite-us\group1\02\pre\sweep_2b\2d\2b.2dus.00147sm.png	147	0.11102010183572	0.173308943716919	-0.0110635085574364	173.75489059466335	-0.0188037222886321	-0.00105923645913208	-0.205236979651005	-90.435954189535167	-0.172621865302513	0.111583365178278	0.0152418700085874	-117.5582368414376	0	0	0	1
C:\downloads\data\MNI\bite-us\group1\02\pre\sweep_2b\2d\2b.2dus.00148sm.png	148	0.111062044175826	0.173283225099025	-0.0110452759222682	173.66350833552204	-0.0184845945229442	-0.00123961832039024	-0.205264961460639	-90.704478021030894	-0.172629352871549	0.111621443210344	0.0148738399745823	-117.63244913359586	0	0	0	1
C:\downloads\data\MNI\bite-us\group1\02\pre\sweep_2b\2d\2b.2dus.00149sm.png	149	0.110898680558706	0.173367143665975	-0.0113654923883315	173.5770246014545	-0.0186727414785006	-0.00151404471741052	-0.205246094681375	-91.06197330748013	-0.172714106951504	0.111487669741342	0.0148929459826117	-117.70468138077277	0	0	0	1
C:\downloads\data\MNI\bite-us\group1\02\pre\sweep_2b\2d\2b.2dus.00150sm.png	150	0.110811723281133	0.173419268496726	-0.0114185032397138	173.56466523192191	-0.0187051923591247	-0.00156475027381972	-0.205242760268157	-91.218788241323168	-0.172766400455396	0.111405871520762	0.0148983482473306	-117.67565486906342	0	0	0	1
C:\downloads\data\MNI\bite-us\group1\02\pre\sweep_2b\2d\2b.2dus.00151sm.png	151	0.110757339893029	0.173448876711636	-0.0114962675629615	173.51634871137108	-0.018651109390759	-0.00169719258713422	-0.205246631983267	-91.410105432865237	-0.172807115427445	0.111357828837731	0.0147847736158638	-117.62110217639328	0	0	0	1
C:\downloads\data\MNI\bite-us\group1\02\pre\sweep_2b\2d\2b.2dus.00152sm.png	152	0.110721202657719	0.173470225977822	-0.0115222917579542	173.45905892212792	-0.0185872330197063	-0.00177279358383674	-0.205251788912103	-91.510374262971027	-0.172837152877325	0.111323390357876	0.0146926369400566	-117.6335998091581	0	0	0	1
C:\downloads\data\MNI\bite-us\group1\02\pre\sweep_2b\2d\2b.2dus.00153sm.png	153	0.110633302208052	0.173522790197734	-0.0115752168996944	173.45517928640461	-0.018705670484723	-0.00176804521324128	-0.205241069565398	-91.798753925960099	-0.172880657386242	0.111241514897887	0.0148003836640373	-117.60796123580491	0	0	0	1
C:\downloads\data\MNI\bite-us\group1\02\pre\sweep_2b\2d\2b.2dus.00154sm.png	154	0.110552082315262	0.17357037926859	-0.0116377250421163	173.37796683629847	-0.0186047273952733	-0.00191508663533673	-0.205248927971313	-92.431862535310188	-0.172943495334019	0.111164811079751	0.0146415354965619	-117.51560517024862	0	0	0	1
C:\downloads\data\MNI\bite-us\group1\02\pre\sweep_2b\2d\2b.2dus.00155sm.png	155	0.110389153080017	0.173674557728834	-0.0116305125856105	173.2201903855541	-0.018306652381697	-0.00211404799038139	-0.205273780311666	-92.729218065100085	-0.173079324949264	0.110998369976536	0.0142947519313952	-117.3491523229735	0	0	0	1
C:\downloads\data\MNI\bite-us\group1\02\pre\sweep_2b\2d\2b.2dus.00156sm.png	156	0.11052101507357	0.173565096141412	-0.0120056881229159	173.15517534704398	-0.018296979803164	-0.00255116915584394	-0.20526968333687	-92.832738471883061	-0.172996176608707	0.11116028191769	0.0140411607320201	-117.46460426416358	0	0	0	1
C:\downloads\data\MNI\bite-us\group1\02\pre\sweep_2b\2d\2b.2dus.00157sm.png	157	0.110516588530038	0.173565217111062	-0.0120446179028077	173.11819917567306	-0.0182642385693265	-0.002618683188695	-0.205271750270572	-92.899456559471872	-0.173002464182466	0.111158523047973	0.0139774589842892	-117.49547353166695	0	0	0	1
C:\downloads\data\MNI\bite-us\group1\02\pre\sweep_2b\2d\2b.2dus.00158sm.png	158	0.110434129702191	0.173623675387881	-0.0119583438405485	173.06675222682401	-0.0181589543097415	-0.00259210578776231	-0.205281427918373	-93.126201774485992	-0.173066191786081	0.111067815640034	0.0139092416619747	-117.46517629297961	0	0	0	1
C:\downloads\data\MNI\bite-us\group1\02\pre\sweep_2b\2d\2b.2dus.00159sm.png	159	0.110363392933549	0.173667009158264	-0.0119822804040413	172.97047383900974	-0.0180871789037223	-0.00267314960173594	-0.205286726794887	-93.337120956132651	-0.173118822845872	0.110998124037706	0.0138100831781222	-117.50519510889337	0	0	0	1
C:\downloads\data\MNI\bite-us\group1\02\pre\sweep_2b\2d\2b.2dus.00160sm.png	160	0.110416880770388	0.17362745410719	-0.0120623026495691	172.85127309846902	-0.0178067794858351	-0.00294263476261159	-0.205307559106174	-93.685491757436395	-0.173113784573387	0.111053173838342	0.0134253740313338	-117.52741215946216	0	0	0	1
C:\downloads\data\MNI\bite-us\group1\02\pre\sweep_2b\2d\2b.2dus.00161sm.png	161	0.110520352226753	0.173562713482864	-0.0120461504748624	172.86692437120942	-0.017451553398218	-0.00314217468765035	-0.205335107269452	-93.945396063488033	-0.173083928750488	0.111148866684988	0.0130122104427308	-117.70930403943646	0	0	0	1
C:\downloads\data\MNI\bite-us\group1\02\pre\sweep_2b\2d\2b.2dus.00162sm.png	162	0.110507538691819	0.173568443471648	-0.0120811096627429	172.89288646325247	-0.0172978639430762	-0.00328335671905231	-0.205345905744001	-93.983242887184005	-0.173107536402444	0.11113583732597	0.0128077875809519	-117.71173274387728	0	0	0	1
C:\downloads\data\MNI\bite-us\group1\02\pre\sweep_2b\2d\2b.2dus.00163sm.png	163	0.110511477023071	0.173561166390362	-0.0121493974264872	172.91086648257453	-0.0172102336857736	-0.00342008617110047	-0.205351039890847	-94.024077673018468	-0.17311375643403	0.111143078374045	0.0126600235839978	-117.72325783750993	0	0	0	1
C:\downloads\data\MNI\bite-us\group1\02\pre\sweep_2b\2d\2b.2dus.00164sm.png	164	0.110603253681504	0.1734854372023	-0.0123930630953749	172.8868688611673	-0.0174704369282734	-0.00353332138779579	-0.205327150682849	-94.08066818449376	-0.173029059619015	0.111257710102972	0.0128104183695578	-117.78331610845399	0	0	0	1
C:\downloads\data\MNI\bite-us\group1\02\pre\sweep_2b\2d\2b.2dus.00165sm.png	165	0.110761766397504	0.173384749323758	-0.0123860826372637	172.89701103371499	-0.0173585999664066	-0.00358320596876428	-0.205335772582436	-94.228134892429722	-0.172938895207965	0.111412964575863	0.0126782922392253	-117.9495496569731	0	0	0	1
C:\downloads\data\MNI\bite-us\group1\02\pre\sweep_2b\2d\2b.2dus.00166sm.png	166	0.110855366262959	0.173328783241521	-0.0123317032259701	172.75054309054772	-0.0175200300822172	-0.00340651325430796	-0.205325065394008	-94.786917372532827	-0.172862626616235	0.11150555101035	0.0129027228025373	-117.99456564684007	0	0	0	1
C:\downloads\data\MNI\bite-us\group1\02\pre\sweep_2b\2d\2b.2dus.00167sm.png	167	0.111109713573659	0.173163870602737	-0.0123588074231308	172.67716183605893	-0.0174962712283264	-0.00343152334789062	-0.205326675402302	-95.154531696301817	-0.172701660115717	0.111760717177597	0.0128510655800217	-118.22076917370208	0	0	0	1
C:\downloads\data\MNI\bite-us\group1\02\pre\sweep_2b\2d\2b.2dus.00168sm.png	168	0.111244972250579	0.173075962333143	-0.01237310674677	172.64527515277615	-0.0174708034105568	-0.00345305880047426	-0.205328483421707	-95.329990902995036	-0.172617144401122	0.111896143749625	0.0128083474500389	-118.34374623321611	0	0	0	1
C:\downloads\data\MNI\bite-us\group1\02\pre\sweep_2b\2d\2b.2dus.00169sm.png	169	0.111314131349614	0.173029487077649	-0.0124009132044198	172.64034203694021	-0.0174303880907617	-0.00350619454715385	-0.205331018922679	-95.330413007853025	-0.172576641226229	0.111966345569116	0.0127406302472427	-118.55492499613224	0	0	0	1
C:\downloads\data\MNI\bite-us\group1\02\pre\sweep_2b\2d\2b.2dus.00170sm.png	170	0.111255931651527	0.173064547317024	-0.0124340318461804	172.5677771612288	-0.0173646109962763	-0.0035932403476779	-0.205335089165835	-95.47441452865354	-0.172620796317649	0.11190938488088	0.0126423751143844	-118.6172203066977	0	0	0	1
C:\downloads\data\MNI\bite-us\group1\02\pre\sweep_2b\2d\2b.2dus.00171sm.png	171	0.111443659912685	0.172932115467879	-0.0125938878057574	172.54225473992392	-0.0172903172428401	-0.00381504505651621	-0.205337361869905	-95.69965649855267	-0.172507121473139	0.112106593069634	0.0124457000393579	-118.70231780614965	0	0	0	1
C:\downloads\data\MNI\bite-us\group1\02\pre\sweep_2b\2d\2b.2dus.00172sm.png	172	0.111546378914192	0.172859729853628	-0.0126776934010341	172.53209465782155	-0.0172526765342979	-0.00393030856838692	-0.20533835646305	-95.810819634384018	-0.172444489235159	0.112214196107924	0.0123437876808084	-118.7511650082355	0	0	0	1
C:\downloads\data\MNI\bite-us\group1\02\pre\sweep_2b\2d\2b.2dus.00173sm.png	173	0.111516294933291	0.172875154024926	-0.0127319693420102	172.47608670729804	-0.0173863301530334	-0.0039104033667287	-0.205327462268625	-95.877885153944391	-0.17245052291078	0.112191128013881	0.012468513713621	-118.74535638068302	0	0	0	1
C:\downloads\data\MNI\bite-us\group1\02\pre\sweep_2b\2d\2b.2dus.00174sm.png	174	0.111458827865265	0.172909062564717	-0.0127747682946663	172.41294874306053	-0.0175532862947574	-0.00385762581220213	-0.205314253606108	-95.948862774796282	-0.172470760406499	0.112140689068435	0.0126410521876438	-118.70109240691538	0	0	0	1
C:\downloads\data\MNI\bite-us\group1\02\pre\sweep_2b\2d\2b.2dus.00175sm.png	175	0.111439549806001	0.172918459143122	-0.0128157266658611	172.36748493450406	-0.0176671709039896	-0.00383391178385103	-0.205304928681731	-96.057721621191462	-0.172471589472949	0.1121270125646	0.0127505705065048	-118.62004781210415	0	0	0	1
C:\downloads\data\MNI\bite-us\group1\02\pre\sweep_2b\2d\2b.2dus.00176sm.png	176	0.111521215615184	0.172854229516231	-0.012970610272509	172.43213961049628	-0.0178399368009279	-0.00389828434167091	-0.20528877688542	-96.060191561776307	-0.172401004888867	0.112223785608049	0.0128535984562023	-118.77104959846392	0	0	0	1
C:\downloads\data\MNI\bite-us\group1\02\pre\sweep_2b\2d\2b.2dus.00177sm.png	177	0.111392729110239	0.172935243522564	-0.0129950694273577	172.37899507821493	-0.0176374880992133	-0.00407026289495243	-0.205302935929417	-96.39238149229601	-0.172504870305054	0.112092791233054	0.0126002503374372	-118.99017108972733	0	0	0	1
C:\downloads\data\MNI\bite-us\group1\02\pre\sweep_2b\2d\2b.2dus.00178sm.png	178	0.111341478005592	0.17296917562505	-0.0129828026837485	172.33836030566093	-0.0175359065988701	-0.00412610536459161	-0.205310524186786	-96.522344014598701	-0.172548308074366	0.11203838126629	0.0124887602206152	-119.05840130254205	0	0	0	1
C:\downloads\data\MNI\bite-us\group1\02\pre\sweep_2b\2d\2b.2dus.00179sm.png	179	0.111333374323151	0.172977747431927	-0.0129380549176575	172.33056969018071	-0.017479210877532	-0.00411048399993098	-0.205315671955698	-96.653066281565074	-0.17255928926882	0.112025720945337	0.0124505109756242	-118.97216788940115	0	0	0	1
C:\downloads\data\MNI\bite-us\group1\02\pre\sweep_2b\2d\2b.2dus.00180sm.png	180	0.11138416645555	0.172945260128233	-0.0129350705257739	172.34850976428527	-0.0174851046723646	-0.00409875992448148	-0.205315404243408	-96.790841416249279	-0.172525910928299	0.112076297694557	0.0124580243251322	-118.92970426481533	0	0	0	1
C:\downloads\data\MNI\bite-us\group1\02\pre\sweep_2b\2d\2b.2dus.00181sm.png	181	0.111217338831217	0.173055389803325	-0.0128979709383527	172.34565824147847	-0.0175562208849372	-0.00402293054479156	-0.20531083353294	-96.965688416612664	-0.172626284254693	0.111908924704469	0.0125713014007743	-118.92074394301534	0	0	0	1
C:\downloads\data\MNI\bite-us\group1\02\pre\sweep_2b\2d\2b.2dus.00182sm.png	182	0.111054768645606	0.173178003992628	-0.0126511636143985	172.20330736492906	-0.0176903848687953	-0.00365749490913187	-0.205306144825733	-97.853952832484907	-0.172717225569152	0.111731647274971	0.0128945180298882	-118.89568909745306	0	0	0	1
C:\downloads\data\MNI\bite-us\group1\02\pre\sweep_2b\2d\2b.2dus.00183sm.png	183	0.111050844447903	0.173181994646201	-0.0126309853064186	172.16654750188408	-0.0177520687139391	-0.00359401308820938	-0.205301940163861	-98.103084512950133	-0.172713419767613	0.111727521850905	0.0129809558342149	-118.90724712188384	0	0	0	1
C:\downloads\data\MNI\bite-us\group1\02\pre\sweep_2b\2d\2b.2dus.00184sm.png	184	0.111006016018816	0.173210460097827	-0.012634820196343	172.15133246126834	-0.0178045446581913	-0.00356862621602564	-0.205297838135376	-98.243884985169615	-0.172736834407677	0.111684201023641	0.0130419559412383	-118.83170372154214	0	0	0	1
C:\downloads\data\MNI\bite-us\group1\02\pre\sweep_2b\2d\2b.2dus.00185sm.png	185	0.110854089410248	0.173311518450118	-0.0125831594607716	172.10137517806353	-0.0179015432136967	-0.00345841380705845	-0.20529128667066	-98.733993686545446	-0.172824352958815	0.111530786266004	0.013194140908593	-118.95584436452329	0	0	0	1
C:\downloads\data\MNI\bite-us\group1\02\pre\sweep_2b\2d\2b.2dus.00186sm.png	186	0.110822137043263	0.173331329492548	-0.0125918006938073	172.06829938053625	-0.0178954208853652	-0.0034754901770379	-0.205291532413224	-98.838219114532535	-0.172845477859678	0.111499464227568	0.0131820678933121	-118.97820272381108	0	0	0	1
C:\downloads\data\MNI\bite-us\group1\02\pre\sweep_2b\2d\2b.2dus.00187sm.png	187	0.110847634868203	0.173313956236755	-0.0126064272862315	172.03125841774764	-0.0180674503767048	-0.00337949829360128	-0.205278064288893	-99.06799962843175	-0.172811227774851	0.111529417211368	0.0133763953331385	-119.03302494654056	0	0	0	1
C:\downloads\data\MNI\bite-us\group1\02\pre\sweep_2b\2d\2b.2dus.00188sm.png	188	0.110745685981738	0.173396584994556	-0.0123642143290926	171.78474454521455	-0.0179369793979959	-0.00318608706216455	-0.205292595310965	-99.481097028753808	-0.172890165048653	0.111406608870918	0.0133794676179233	-119.01171519093513	0	0	0	1
C:\downloads\data\MNI\bite-us\group1\02\pre\sweep_2b\2d\2b.2dus.00189sm.png	189	0.110915095566255	0.173291490822907	-0.0123185867714606	171.82846134738892	-0.018182264134527	-0.00295808173991577	-0.205274423787061	-99.52232328528217	-0.172755891970466	0.111576289145382	0.0136966053484214	-119.17841654944162	0	0	0	1
C:\downloads\data\MNI\bite-us\group1\02\pre\sweep_2b\2d\2b.2dus.00190sm.png	190	0.111001777661793	0.173237452073613	-0.0122976575349069	171.85253224202847	-0.0183081763344091	-0.00284371731226203	-0.205264845941014	-99.54094561836672	-0.172686905697191	0.111663144365319	0.0138580041561559	-119.26304365826091	0	0	0	1
C:\downloads\data\MNI\bite-us\group1\02\pre\sweep_2b\2d\2b.2dus.00191sm.png	191	0.111132099858294	0.173149875644707	-0.0123535546369566	171.87547447792963	-0.0184425401163684	-0.00281056369057817	-0.20525327300533	-99.599598411466701	-0.172588761103331	0.111799734501578	0.0139791719231686	-119.40514001109962	0	0	0	1
C:\downloads\data\MNI\bite-us\group1\02\pre\sweep_2b\2d\2b.2dus.00192sm.png	192	0.111160932771091	0.173130133885199	-0.0123707399326088	171.84308866253394	-0.01816329505493	-0.00300911170810948	-0.205275362405405	-100.00608541435638	-0.172599806205711	0.111825137273696	0.0136353959266171	-119.343840912742	0	0	0	1
C:\downloads\data\MNI\bite-us\group1\02\pre\sweep_2b\2d\2b.2dus.00193sm.png	193	0.111483751996752	0.172938189807425	-0.0121478413722772	171.79887824040938	-0.0180538323877474	-0.0027853758579899	-0.205288172262407	-100.88384696819173	-0.172402968480482	0.112127532417869	0.0136429439044637	-119.75075236226566	0	0	0	1
C:\downloads\data\MNI\bite-us\group1\02\pre\sweep_2b\2d\2b.2dus.00194sm.png	194	0.111570605994668	0.172882222597905	-0.0121468624097241	171.81767254807824	-0.0180703120386236	-0.00276532029859993	-0.205286993036371	-101.00336283753008	-0.172345046534125	0.112214301458924	0.0136615468710762	-119.82404173202728	0	0	0	1
C:\downloads\data\MNI\bite-us\group1\02\pre\sweep_2b\2d\2b.2dus.00195sm.png	195	0.111513631218936	0.172921709175135	-0.0121080837852911	171.78611419614083	-0.0177339004743676	-0.0029434823922429	-0.20531385508882	-100.96819552327482	-0.172416850076704	0.112148908804394	0.0132871688045937	-120.02445279915848	0	0	0	1
C:\downloads\data\MNI\bite-us\group1\02\pre\sweep_2b\2d\2b.2dus.00196sm.png	196	0.111544860684869	0.172887758953127	-0.0123034930321784	171.74182591369825	-0.0180777100058723	-0.00294894943540937	-0.205283789368322	-101.34137670141475	-0.172360934726454	0.112201095538557	0.0135692122474265	-120.20848056663105	0	0	0	1
C:\downloads\data\MNI\bite-us\group1\02\pre\sweep_2b\2d\2b.2dus.00197sm.png	197	0.111614283701167	0.172845538457558	-0.012266899161262	171.72209813514755	-0.0179992390559161	-0.0029501084845165	-0.205290668140316	-101.50082870128035	-0.172324201525276	0.112266094765544	0.0134980887053115	-120.26872576545007	0	0	0	1
C:\downloads\data\MNI\bite-us\group1\02\pre\sweep_2b\2d\2b.2dus.00198sm.png	198	0.111626835707359	0.172841250550018	-0.0122129770942051	171.67136695686193	-0.0179125172977272	-0.0029413811966707	-0.205298378460881	-101.86293950133805	-0.172325107393152	0.11227292515839	0.0134295432184239	-120.16775466132736	0	0	0	1
C:\downloads\data\MNI\bite-us\group1\02\pre\sweep_2b\2d\2b.2dus.00199sm.png	199	0.111274803887538	0.17307879999428	-0.0120613042497813	171.5154675297201	-0.0175300621537605	-0.00304199190531116	-0.205329926203528	-102.36217631557032	-0.172591906834346	0.111903684552599	0.0130797547482446	-120.4079856980475	0	0	0	1
C:\downloads\data\MNI\bite-us\group1\02\pre\sweep_2b\2d\2b.2dus.00200sm.png	200	0.111143566349918	0.17316250993281	-0.0120701556341782	171.47286254110116	-0.0176217728176881	-0.00300492105826012	-0.205322620706752	-102.54226244962913	-0.172667113677804	0.111775108775894	0.0131858412057933	-120.39937391459061	0	0	0	1
C:\downloads\data\MNI\bite-us\group1\02\pre\sweep_2b\2d\2b.2dus.00201sm.png	201	0.110923872493626	0.173304723911644	-0.0120505785481283	171.38174711792436	-0.0179190434951229	-0.00280968518210879	-0.205299651074574	-102.99360850352895	-0.172777758277153	0.111559570085878	0.0135561965366357	-120.16200931671214	0	0	0	1
C:\downloads\data\MNI\bite-us\group1\02\pre\sweep_2b\2d\2b.2dus.00202sm.png	202	0.110531715142606	0.173561487075636	-0.011959261860847	171.23983905875005	-0.0177283823167151	-0.00286053758670024	-0.205315502482645	-103.62399866632363	-0.173048535885475	0.111158386401875	0.0133960492410557	-120.04293666005833	0	0	0	1
C:\downloads\data\MNI\bite-us\group1\02\pre\sweep_2b\2d\2b.2dus.00203sm.png	203	0.110484395728219	0.173594448155639	-0.0119181773340448	171.19801192519074	-0.0177088940763603	-0.00282877751172952	-0.205317623794609	-103.77230755973562	-0.173080746286821	0.111107717670682	0.0134001510288392	-119.99295912191998	0	0	0	1
C:\downloads\data\MNI\bite-us\group1\02\pre\sweep_2b\2d\2b.2dus.00204sm.png	204	0.110371058701341	0.173664503976987	-0.0119479284835743	171.10484270227721	-0.0177742801828002	-0.00283242107966349	-0.205311923338529	-103.72638751449169	-0.173146341945676	0.110998093622883	0.0134608610130062	-120.00563464896976	0	0	0	1
C:\downloads\data\MNI\bite-us\group1\02\pre\sweep_2b\2d\2b.2dus.00205sm.png	205	0.110547951987878	0.173566204946581	-0.0117387419127025	170.94854448996298	-0.0175799851143175	-0.00269343845666339	-0.205330519338747	-104.48322828759372	-0.17305330334526	0.111155194338282	0.0133608908989522	-120.29227065147343	0	0	0	1
C:\downloads\data\MNI\bite-us\group1\02\pre\sweep_2b\2d\2b.2dus.00206sm.png	206	0.110549430747	0.173566302477844	-0.0117233670763566	170.90404400274977	-0.0176034854264517	-0.00266001538690731	-0.20532894097034	-104.72678609445697	-0.17304996973821	0.111155846904112	0.0133985933447488	-120.32402969834487	0	0	0	1
C:\downloads\data\MNI\bite-us\group1\02\pre\sweep_2b\2d\2b.2dus.00207sm.png	207	0.110503276794451	0.17359499943243	-0.0117337108753469	170.84170853709571	-0.0175503462385307	-0.00271059367946064	-0.205332829449941	-105.00272353265473	-0.173084841995586	0.111109802414634	0.0133297718810671	-120.28855081486047	0	0	0	1
C:\downloads\data\MNI\bite-us\group1\02\pre\sweep_2b\2d\2b.2dus.00208sm.png	208	0.110749992082425	0.173429622209422	-0.0118518896814876	170.91344757435053	-0.0175167369708344	-0.00284969030738849	-0.205333818719147	-105.21022087163952	-0.172930490497419	0.11136428845958	0.0132094375510977	-120.59715097556297	0	0	0	1
C:\downloads\data\MNI\bite-us\group1\02\pre\sweep_2b\2d\2b.2dus.00209sm.png	209	0.110827738710794	0.173378649293617	-0.0118706918308526	170.93735484420444	-0.0175385881270071	-0.00285084269353452	-0.205331937424543	-105.34461837637254	-0.172878459105823	0.111443600102102	0.0132217921692418	-120.64248287548808	0	0	0	1
C:\downloads\data\MNI\bite-us\group1\02\pre\sweep_2b\2d\2b.2dus.00210sm.png	210	0.110645003879434	0.173498628863661	-0.0118227496877522	170.77349681559423	-0.0174397909331648	-0.00287417284667016	-0.205340027788712	-105.60760149804042	-0.173005457060661	0.111256120063287	0.0131388438143546	-120.6405286825095	0	0	0	1
C:\downloads\data\MNI\bite-us\group1\02\pre\sweep_2b\2d\2b.2dus.00211sm.png	211	0.110663919628084	0.17348599693002	-0.0118310205819735	170.58012565681724	-0.0175268456157544	-0.002826265513504	-0.205333279412721	-106.21379534838709	-0.172984559829341	0.111277043594373	0.0132365009285979	-120.80054517536908	0	0	0	1
C:\downloads\data\MNI\bite-us\group1\02\pre\sweep_2b\2d\2b.2dus.00212sm.png	212	0.110714979592529	0.173451986240513	-0.0118518251197642	170.56376450923034	-0.0175757973597218	-0.00281476289869458	-0.205329252774124	-106.3328668714569	-0.172946916726018	0.111330341406575	0.0132802799585222	-120.856287891992	0	0	0	1
C:\downloads\data\MNI\bite-us\group1\02\pre\sweep_2b\2d\2b.2dus.00213sm.png	213	0.110826906417206	0.17338389591034	-0.0118016645283505	170.58777202086452	-0.0174986099003845	-0.00279492002667496	-0.205336116142636	-106.51009629625597	-0.172883043788529	0.111436853866467	0.0132186898384159	-120.88805135120178	0	0	0	1
C:\downloads\data\MNI\bite-us\group1\02\pre\sweep_2b\2d\2b.2dus.00214sm.png	214	0.11104019332967	0.173234406852011	-0.0119899414289053	170.56591152016745	-0.0178057388191792	-0.00280024824124394	-0.205309638121793	-106.73883499172716	-0.172714743129975	0.111668967180139	0.0134583594117562	-121.07912630143035	0	0	0	1
C:\downloads\data\MNI\bite-us\group1\02\pre\sweep_2b\2d\2b.2dus.00215sm.png	215	0.111387831997161	0.172997692751378	-0.012180685576943	170.58870336392027	-0.0178093864753881	-0.00299214887292568	-0.205306618253833	-106.88861423269645	-0.172490370746842	0.112030373946005	0.0133325556168613	-121.01676011632355	0	0	0	1
C:\downloads\data\MNI\bite-us\group1\02\pre\sweep_2b\2d\2b.2dus.00216sm.png	216	0.111701880217312	0.172784254253716	-0.0123325068414848	170.50118448464559	-0.0180470441213585	-0.00298874271437577	-0.205285912897274	-106.90875382239676	-0.172262432115768	0.112359370938227	0.013510621013247	-121.66707933644705	0	0	0	1
