..\bite-us\group1\02\post\sweep_2v\2d\2v.2dus.00001sm.png	1	0.117147059060807	0.158966855985824	-0.0590639139195635	161.11401970625474	-0.0750671451043843	-0.0157614336999882	-0.191294303433363	-36.204215559282254	-0.152048813357164	0.1302654030983	0.0489374824206667	-126.22078322713578	0	0	0	1
..\bite-us\group1\02\post\sweep_2v\2d\2v.2dus.00002sm.png	2	0.11736749950201	0.15883969179311	-0.0589682361892306	161.25678139361523	-0.0750110283006028	-0.0156088844658073	-0.191328817211451	-36.301584181212981	-0.151906441792217	0.130438776349146	0.0489179360196717	-126.22644047252066	0	0	0	1
..\bite-us\group1\02\post\sweep_2v\2d\2v.2dus.00003sm.png	3	0.117456985926787	0.158814868195958	-0.0588567992937436	161.20321518094329	-0.0750333497705787	-0.0154206635553039	-0.191335321937238	-36.431128439744363	-0.151826230418993	0.130491379462683	0.0490265784579707	-126.32677077181395	0	0	0	1
..\bite-us\group1\02\post\sweep_2v\2d\2v.2dus.00004sm.png	4	0.117677184853792	0.158663625236853	-0.058824745367797	161.30149162945293	-0.0748234484188937	-0.0154770482927279	-0.191412954438238	-36.384323606940015	-0.151759293276004	0.130668566769149	0.0487612945363964	-126.36717098968033	0	0	0	1
..\bite-us\group1\02\post\sweep_2v\2d\2v.2dus.00005sm.png	5	0.117690224851012	0.15864873878745	-0.0588387957841238	161.23963396022222	-0.0749199236684985	-0.0154058480996842	-0.191380956836099	-36.529666105186962	-0.151701573413281	0.130695052944404	0.0488698179902458	-126.43778041232153	0	0	0	1
..\bite-us\group1\02\post\sweep_2v\2d\2v.2dus.00006sm.png	6	0.117576766748393	0.158781856057579	-0.0587064942894863	161.08552794766115	-0.0749047126463742	-0.015303484103034	-0.191395120232995	-36.524547737012433	-0.15179703326613	0.130545336568864	0.0489733511050855	-126.50509417276128	0	0	0	1
..\bite-us\group1\02\post\sweep_2v\2d\2v.2dus.00007sm.png	7	0.117504674303013	0.158827795288635	-0.0587265955514133	161.03879681099576	-0.0749690477926366	-0.0153004581742789	-0.191370171238213	-36.565014674850538	-0.151821094562148	0.130489795624287	0.049046693817462	-126.47193857205124	0	0	0	1
..\bite-us\group1\02\post\sweep_2v\2d\2v.2dus.00008sm.png	8	0.11769581392319	0.158786859783354	-0.0584538781542934	160.98068053452528	-0.07464679346465	-0.0151743666838923	-0.191506130973222	-36.681352094226071	-0.151831824643071	0.130554322389355	0.0488413714755869	-126.47273147706221	0	0	0	1
..\bite-us\group1\02\post\sweep_2v\2d\2v.2dus.00009sm.png	9	0.117679415920174	0.158841301207737	-0.0583389073980947	160.90858885629316	-0.0748157010432617	-0.0148968438361687	-0.191461994249966	-36.820348671877454	-0.151761382802518	0.130520053681469	0.0491508929791592	-126.6008272454276	0	0	0	1
..\bite-us\group1\02\post\sweep_2v\2d\2v.2dus.00010sm.png	10	0.117610449063341	0.158966532229726	-0.0581366199767231	160.72666566222611	-0.0747797362284359	-0.0147108922697833	-0.1914904150703	-37.014861632194247	-0.151832554759397	0.130388613836263	0.0492796914875929	-126.54853807090913	0	0	0	1
..\bite-us\group1\02\post\sweep_2v\2d\2v.2dus.00011sm.png	11	0.117637905084353	0.158905122935877	-0.0582487992418826	160.84691673239644	-0.0749019709930901	-0.0147302879276394	-0.191441144672722	-36.951495794815521	-0.151751011175397	0.130461258084392	0.0493386172536591	-126.54045999132246	0	0	0	1
..\bite-us\group1\02\post\sweep_2v\2d\2v.2dus.00012sm.png	12	0.117693674909104	0.158917465359307	-0.0581022963607509	160.77241450515871	-0.0749179434394098	-0.0145181315722467	-0.191451095282896	-37.040660898170984	-0.151699874756837	0.130470005741105	0.0494725672652329	-126.64356285707339	0	0	0	1
..\bite-us\group1\02\post\sweep_2v\2d\2v.2dus.00013sm.png	13	0.117700372461689	0.158971493999643	-0.0579407450586476	160.75609974584285	-0.0747232026596113	-0.014488223876118	-0.191529450491218	-37.121771936811811	-0.151790700211544	0.13040749519524	0.0493586192656055	-126.6091214855235	0	0	0	1
..\bite-us\group1\02\post\sweep_2v\2d\2v.2dus.00014sm.png	14	0.117475671375507	0.159140073825491	-0.0579341077816725	160.64465017570669	-0.0748060689139401	-0.0144972058526208	-0.191496420816323	-37.177846717275095	-0.151923895594331	0.130200719137583	0.0494943795728927	-126.49770440853105	0	0	0	1
..\bite-us\group1\02\post\sweep_2v\2d\2v.2dus.00015sm.png	15	0.117567702846125	0.159128398809833	-0.0577792751466027	160.63322993217761	-0.0748915617886074	-0.0142013560941516	-0.191485165124391	-37.454116741236938	-0.151810541743282	0.130247585451575	0.0497184124851548	-126.48811456610873	0	0	0	1
..\bite-us\group1\02\post\sweep_2v\2d\2v.2dus.00016sm.png	16	0.117649765123058	0.159219928452966	-0.0573586285919449	160.58154278557984	-0.0746238485844701	-0.0138922601016851	-0.191612307248887	-37.766105752778252	-0.151878785065499	0.13016903945009	0.0497156421665817	-126.45317523521555	0	0	0	1
..\bite-us\group1\02\post\sweep_2v\2d\2v.2dus.00017sm.png	17	0.117755183905303	0.15921510794673	-0.0571553256740824	160.59103601267279	-0.0743643119428353	-0.0138284119408378	-0.191717796642147	-37.903014744218311	-0.151924379665468	0.130181733601013	0.0495427980335798	-126.47342807379472	0	0	0	1
..\bite-us\group1\02\post\sweep_2v\2d\2v.2dus.00018sm.png	18	0.117753524550384	0.159258502246798	-0.0570377587443962	160.53306326526706	-0.0741761260947348	-0.0138486246914356	-0.191789227048171	-38.001027938752593	-0.152017634298066	0.130126493823979	0.0494016204684343	-126.4010894807937	0	0	0	1
..\bite-us\group1\02\post\sweep_2v\2d\2v.2dus.00019sm.png	19	0.117787830811185	0.159298698810044	-0.0568544121500962	160.46745669029994	-0.073964128805974	-0.0137957358228475	-0.191874893030163	-38.110784500055473	-0.152094332329674	0.130082902678225	0.049280167237506	-126.44322796744181	0	0	0	1
..\bite-us\group1\02\post\sweep_2v\2d\2v.2dus.00020sm.png	20	0.117893711870942	0.159283689695995	-0.0566767217208236	160.3512921136039	-0.0739782876380803	-0.0135281136589308	-0.191888482329075	-38.351713071763889	-0.152005384850239	0.130129380526923	0.0494317024150573	-126.45597585973219	0	0	0	1
..\bite-us\group1\02\post\sweep_2v\2d\2v.2dus.00021sm.png	21	0.118058012100092	0.159289084779595	-0.0563184374672185	160.30084631092018	-0.0738269652346234	-0.0131614232996769	-0.191972235278967	-38.622400634589894	-0.151951427592045	0.13016037701799	0.049515938065175	-126.4958589283528	0	0	0	1
..\bite-us\group1\02\post\sweep_2v\2d\2v.2dus.00022sm.png	22	0.11819565334062	0.159303556441252	-0.0559878516667421	160.23465086147922	-0.0737195767288363	-0.0128007242609429	-0.192037873796839	-39.113348786544371	-0.151896553293173	0.130178637656967	0.0496361675853235	-126.54076088053512	0	0	0	1
..\bite-us\group1\02\post\sweep_2v\2d\2v.2dus.00023sm.png	23	0.118579745075225	0.15909501696281	-0.0557680750336601	160.13841905217211	-0.0734288687159226	-0.0126337809319186	-0.192160263392821	-39.488244328252136	-0.151737920972428	0.130449693351986	0.0494093980844514	-126.8798853481523	0	0	0	1
..\bite-us\group1\02\post\sweep_2v\2d\2v.2dus.00024sm.png	24	0.11865687981501	0.159136969936236	-0.0554836221100992	160.01098633422833	-0.0734337368310169	-0.0122555482672457	-0.192182887517031	-39.788055484279617	-0.151675253524231	0.130434603057787	0.0496411025500664	-127.04608367376123	0	0	0	1
..\bite-us\group1\02\post\sweep_2v\2d\2v.2dus.00025sm.png	25	0.118681524608141	0.159164889078152	-0.05535069146508	159.94599292946356	-0.0735267983913585	-0.0120051894120337	-0.192163101052769	-40.030147259746826	-0.151610873617442	0.130423820104229	0.0498655912162588	-126.89589755289852	0	0	0	1
..\bite-us\group1\02\post\sweep_2v\2d\2v.2dus.00026sm.png	26	0.118813804023949	0.159070531512922	-0.0553380840240024	160.0460827651128	-0.0735089750509846	-0.0119527440972497	-0.192173187718172	-40.053320945075342	-0.151515880106188	0.130543698627708	0.0498407064357524	-126.98440162046784	0	0	0	1
..\bite-us\group1\02\post\sweep_2v\2d\2v.2dus.00027sm.png	27	0.118834203917555	0.159149990646996	-0.0550652082255887	159.90928672333268	-0.0734379542966289	-0.0116761013683143	-0.192217336883906	-40.291190732947456	-0.15153432024478	0.130471868510256	0.0499725112792803	-127.20630349085782	0	0	0	1
..\bite-us\group1\02\post\sweep_2v\2d\2v.2dus.00028sm.png	28	0.1190419506832	0.15906722103494	-0.0548551876184368	159.85717809265685	-0.0735418235000941	-0.011249707612089	-0.192203042365384	-40.780672889319121	-0.15132073730279	0.130610193359951	0.0502576614663168	-127.33085616527833	0	0	0	1
..\bite-us\group1\02\post\sweep_2v\2d\2v.2dus.00029sm.png	29	0.11923048193075	0.158980755739748	-0.0546960989953831	159.96165242369466	-0.0734740729234264	-0.0110401341084731	-0.192241097166906	-40.902286299806562	-0.151205172367365	0.130733293701127	0.0502854944688579	-127.59089403079328	0	0	0	1
..\bite-us\group1\02\post\sweep_2v\2d\2v.2dus.00030sm.png	30	0.118967821960215	0.159227655072227	-0.0545498256037597	159.83028429161283	-0.0737027539018135	-0.0107719118519528	-0.192168756542659	-41.193080093410252	-0.151300736182517	0.130454893024039	0.050719021822919	-127.31231241586252	0	0	0	1
..\bite-us\group1\02\post\sweep_2v\2d\2v.2dus.00031sm.png	31	0.119152954464687	0.159179558676756	-0.054285454034601	159.79823705385832	-0.0732707122707958	-0.0107504207944944	-0.19233510367575	-41.288437835163634	-0.151364882088637	0.130515347338442	0.0503709342133123	-127.47747478756401	0	0	0	1
..\bite-us\group1\02\post\sweep_2v\2d\2v.2dus.00032sm.png	32	0.119262320397533	0.159188556752104	-0.0540182625645108	159.78325534577974	-0.0730420636421226	-0.0105806115729281	-0.192431460857538	-41.26003326304297	-0.15138925733465	0.130518249285625	0.0502900966490589	-127.71127644437061	0	0	0	1
..\bite-us\group1\02\post\sweep_2v\2d\2v.2dus.00033sm.png	33	0.11932136717377	0.159191541634742	-0.0538788951929847	159.71980476681267	-0.0731046747103997	-0.0103343443829628	-0.192421062490353	-41.601861693642718	-0.151312488695776	0.130534339301152	0.0504790352730043	-127.56016117006996	0	0	0	1
..\bite-us\group1\02\post\sweep_2v\2d\2v.2dus.00034sm.png	34	0.119410133332333	0.159208818146956	-0.0536306371119163	159.59090364998499	-0.072987485693515	-0.0100994417300336	-0.192478008357624	-41.906094994161229	-0.151299036195654	0.130531654550346	0.0505262773305003	-127.63223389218257	0	0	0	1
..\bite-us\group1\02\post\sweep_2v\2d\2v.2dus.00035sm.png	35	0.119596578157551	0.1592087336039	-0.0532138290864902	159.44327375788359	-0.0727506139525611	-0.00972433649501802	-0.192586961950039	-42.264859977436501	-0.151265852149686	0.130560238061339	0.0505517964075894	-127.80527763575707	0	0	0	1
..\bite-us\group1\02\post\sweep_2v\2d\2v.2dus.00036sm.png	36	0.119784618019693	0.159115918686397	-0.0530682245045684	159.4555511490187	-0.0727186870887481	-0.00949954199850405	-0.192610233135051	-42.588965991997846	-0.151132356555456	0.130689871302493	0.0506161563023148	-127.8099453353019	0	0	0	1
..\bite-us\group1\02\post\sweep_2v\2d\2v.2dus.00037sm.png	37	0.120085483245586	0.158917870400045	-0.0529814872050608	159.42778114089458	-0.0725327315381634	-0.00943353434538681	-0.19268357857177	-42.808170901381246	-0.150982882915009	0.130935397184752	0.0504275143304006	-128.12062369906914	0	0	0	1
..\bite-us\group1\02\post\sweep_2v\2d\2v.2dus.00038sm.png	38	0.120272898309403	0.158846995517726	-0.0527684328691305	159.40788884434846	-0.0724072880765982	-0.0092079506298992	-0.192741657872903	-43.165399171821527	-0.150893889636688	0.131037418315719	0.0504289545020211	-128.15837827377885	0	0	0	1
..\bite-us\group1\02\post\sweep_2v\2d\2v.2dus.00039sm.png	39	0.120497605835431	0.158779833811797	-0.0524569559978167	159.33626760821551	-0.0721679078124876	-0.00894659776602672	-0.192843713590388	-43.51409603847965	-0.150829279100372	0.131136883071738	0.0503637124856566	-128.25912821830173	0	0	0	1
..\bite-us\group1\02\post\sweep_2v\2d\2v.2dus.00040sm.png	40	0.120575402635121	0.158785278675416	-0.0522613562642599	159.25230214467169	-0.0721498801044748	-0.00869304315394566	-0.192862049809747	-43.849388495602589	-0.150775722330648	0.13114734315019	0.0504966733936899	-128.44465056828074	0	0	0	1
..\bite-us\group1\02\post\sweep_2v\2d\2v.2dus.00041sm.png	41	0.120734903715165	0.158693013130191	-0.0521732223346904	159.26041776171436	-0.0720648010792983	-0.00859507462295038	-0.192898244837168	-43.948144287586544	-0.150688748200825	0.131265424291953	0.0504495356686393	-128.41174917085331	0	0	0	1
..\bite-us\group1\02\post\sweep_2v\2d\2v.2dus.00042sm.png	42	0.121129506083215	0.158455551728703	-0.0519797711413645	159.28503355550518	-0.0718555862464463	-0.00838154846150203	-0.192985664020348	-44.16027293572094	-0.150471820768064	0.131565752042086	0.050314714686095	-128.71619463359912	0	0	0	1
..\bite-us\group1\02\post\sweep_2v\2d\2v.2dus.00043sm.png	43	0.121260724924638	0.158458181299291	-0.0516648633745513	159.28120582436253	-0.0717930987802226	-0.00799898364784094	-0.193025144889334	-44.487081351282086	-0.150395940511454	0.131586398911826	0.0504873149629364	-128.6637915182705	0	0	0	1
..\bite-us\group1\02\post\sweep_2v\2d\2v.2dus.00044sm.png	44	0.121279763475074	0.158508128688253	-0.05146662419163	159.2846548680817	-0.0717295778299716	-0.00780523188442392	-0.193056685862832	-44.627153348219139	-0.150410897210956	0.131537868439617	0.0505691237535652	-128.71999176143279	0	0	0	1
..\bite-us\group1\02\post\sweep_2v\2d\2v.2dus.00045sm.png	45	0.121312897830686	0.158560157357319	-0.0512277605106238	159.20137532087585	-0.0714981636245297	-0.00770293915404724	-0.193146614144086	-44.777751613886608	-0.150494334718228	0.131481179512016	0.0504681645888578	-128.61891580439723	0	0	0	1
..\bite-us\group1\02\post\sweep_2v\2d\2v.2dus.00046sm.png	46	0.121614110057005	0.15844056581725	-0.0508823412615891	159.17840088042527	-0.0712622341860812	-0.00736498419079164	-0.19324695560429	-45.177181891348823	-0.150363072520786	0.131644610410144	0.0504334723833171	-128.64790395062795	0	0	0	1
..\bite-us\group1\02\post\sweep_2v\2d\2v.2dus.00047sm.png	47	0.121790255189195	0.158377745045322	-0.0506560600727327	159.20057270363128	-0.0711027445348498	-0.00715643803733299	-0.193313523957847	-45.368382442726926	-0.150295990713668	0.131731676553654	0.0504061372466979	-128.93202880187087	0	0	0	1
..\bite-us\group1\02\post\sweep_2v\2d\2v.2dus.00048sm.png	48	0.121908099867128	0.158312018711303	-0.0505779359365147	159.21445075409687	-0.0710310933068899	-0.00707560567998034	-0.193342836612099	-45.485087766787281	-0.150234318098278	0.131815021429551	0.0503721507026975	-129.09268550411096	0	0	0	1
..\bite-us\group1\02\post\sweep_2v\2d\2v.2dus.00049sm.png	49	0.121890245402004	0.158356697478731	-0.0504810459006339	159.12427433412103	-0.0712418071864839	-0.00677971819236573	-0.193275893979748	-45.763667567433501	-0.150149007151841	0.13177689905109	0.0507250081353711	-128.99984780005252	0	0	0	1
..\bite-us\group1\02\post\sweep_2v\2d\2v.2dus.00050sm.png	50	0.121929853293728	0.158370420841357	-0.0503421662961733	158.99419160291066	-0.0711001936658146	-0.00671809905054721	-0.193330184054122	-45.909140482073241	-0.150183969519034	0.131763562058477	0.0506560940601801	-128.99898393251095	0	0	0	1
..\bite-us\group1\02\post\sweep_2v\2d\2v.2dus.00051sm.png	51	0.122097208252803	0.158299000815358	-0.0501607993934034	158.97927655362943	-0.0709295135124715	-0.00657746938852677	-0.193397700469258	-46.107812795733622	-0.150128702165163	0.131856446850209	0.0505782294732062	-129.11106152508268	0	0	0	1
..\bite-us\group1\02\post\sweep_2v\2d\2v.2dus.00052sm.png	52	0.122169891933409	0.158266699908686	-0.0500856716524361	158.94981411049216	-0.0708262808594665	-0.00654642029394948	-0.19343658304265	-46.199370545277773	-0.150118309371761	0.131896760460629	0.0505039352440425	-129.16502197809615	0	0	0	1
..\bite-us\group1\02\post\sweep_2v\2d\2v.2dus.00053sm.png	53	0.122291227861058	0.158278421268034	-0.0497514228509109	158.88786850804519	-0.0705857382164064	-0.0062991525686075	-0.19353268967273	-46.511113556505251	-0.150132809581118	0.131894735969544	0.0504661033920277	-129.15250577714284	0	0	0	1
..\bite-us\group1\02\post\sweep_2v\2d\2v.2dus.00054sm.png	54	0.122607997893873	0.158054759201041	-0.0496826042999842	159.05844268022079	-0.0703958021036536	-0.0062518851561402	-0.193603389473809	-46.703899006321009	-0.149963533109485	0.132164921081787	0.0502623124562543	-129.27496983412163	0	0	0	1
..\bite-us\group1\02\post\sweep_2v\2d\2v.2dus.00055sm.png	55	0.122502413100472	0.158143935163356	-0.0496593500389583	158.99962867917114	-0.0703665878040286	-0.00629245563543522	-0.193612695928327	-46.868353089524057	-0.150063498124692	0.132056276305914	0.050249443462585	-129.07302711571208	0	0	0	1
..\bite-us\group1\02\post\sweep_2v\2d\2v.2dus.00056sm.png	56	0.122562558366773	0.158187259895558	-0.0493721667219679	158.90015269951772	-0.0702634780550798	-0.00600682142445702	-0.193659204845505	-47.207886037227212	-0.150062701235967	0.132017681549743	0.0503531048795529	-129.11635472625034	0	0	0	1
..\bite-us\group1\02\post\sweep_2v\2d\2v.2dus.00057sm.png	57	0.122618755519632	0.158219938962753	-0.049127342251662	158.99493722758842	-0.0702798508993779	-0.00566950540334301	-0.193663427182739	-47.450709195045945	-0.150009115444424	0.131993435297987	0.0505758327103993	-129.06033755250965	0	0	0	1
..\bite-us\group1\02\post\sweep_2v\2d\2v.2dus.00058sm.png	58	0.122643587474	0.158271335075524	-0.0488993226856245	159.00077812743331	-0.0702968644815062	-0.00536514419202577	-0.193665918478607	-47.699961192115538	-0.149980840975161	0.131944530238542	0.0507868280162362	-128.91793495633425	0	0	0	1
..\bite-us\group1\02\post\sweep_2v\2d\2v.2dus.00059sm.png	59	0.122697461182114	0.158230110824934	-0.0488975513811468	159.12535260802372	-0.0702391735683556	-0.00539142464763686	-0.193686120057838	-47.77556116651111	-0.149963805232924	0.131992893396794	0.0507114386021067	-128.95441547439046	0	0	0	1
..\bite-us\group1\02\post\sweep_2v\2d\2v.2dus.00060sm.png	60	0.122761762867963	0.158239278172211	-0.0487061306058458	159.08287509396342	-0.0703225037887183	-0.00505700923220511	-0.193664896663703	-48.136936302471867	-0.149872100147013	0.131995139455295	0.0509760167222758	-129.0588636096598	0	0	0	1
..\bite-us\group1\02\post\sweep_2v\2d\2v.2dus.00061sm.png	61	0.122931788853089	0.158225489198049	-0.0483205599813959	159.05315703635299	-0.070260147133717	-0.00456889844447032	-0.193699649396068	-48.603120343840871	-0.149761939017123	0.132029462900149	0.0512103792814597	-129.2738213348342	0	0	0	1
..\bite-us\group1\02\post\sweep_2v\2d\2v.2dus.00062sm.png	62	0.123018695074919	0.158214665523079	-0.0481344633568931	158.9476890691497	-0.0703370771008484	-0.00423668745363129	-0.193679274891365	-49.028170605783629	-0.149654427301747	0.132053509728065	0.0514620787971605	-129.27186014923589	0	0	0	1
..\bite-us\group1\02\post\sweep_2v\2d\2v.2dus.00063sm.png	63	0.122981687269376	0.158300656259474	-0.0479460173553788	158.87098975377504	-0.0702092589624625	-0.0041342625369623	-0.193727857378708	-49.177576451828578	-0.149744836025686	0.131953663987609	0.0514551293306988	-129.30746442730057	0	0	0	1
..\bite-us\group1\02\post\sweep_2v\2d\2v.2dus.00064sm.png	64	0.123082249881775	0.15826588436572	-0.0478025202476245	158.82130065427512	-0.0701235311187307	-0.00399182635256531	-0.19376188952721	-49.364007834466086	-0.149702376439123	0.131999751920097	0.0514604980936551	-129.28920527452576	0	0	0	1
..\bite-us\group1\02\post\sweep_2v\2d\2v.2dus.00065sm.png	65	0.123418760840356	0.158072834838235	-0.0475729409503621	158.83239652120167	-0.0698683267632939	-0.00379415188821883	-0.193858026378213	-49.617596320354977	-0.149544567778202	0.132236691717211	0.0513109592319559	-129.57778758190921	0	0	0	1
..\bite-us\group1\02\post\sweep_2v\2d\2v.2dus.00066sm.png	66	0.123535741292118	0.158004884468641	-0.0474949280078097	158.89542391344574	-0.0698511044865849	-0.00366439008028018	-0.193866726998018	-49.761149639945337	-0.149455997502447	0.132321532896391	0.0513503419252022	-129.70688782573018	0	0	0	1
..\bite-us\group1\02\post\sweep_2v\2d\2v.2dus.00067sm.png	67	0.123566384726503	0.158056041415396	-0.04724438838613	158.75124891326422	-0.069657668734831	-0.00351517776137678	-0.193939073726557	-50.002516051585296	-0.149520932033247	0.132264472312334	0.0513082555475399	-129.61894787944456	0	0	0	1
..\bite-us\group1\02\post\sweep_2v\2d\2v.2dus.00068sm.png	68	0.123753235021578	0.157960288561721	-0.0470751812817099	158.68458239944803	-0.0697520728308897	-0.00314489309339124	-0.193911494635857	-50.412822901315394	-0.149322257287817	0.132388127200246	0.0515673655969372	-129.78106335552067	0	0	0	1
..\bite-us\group1\02\post\sweep_2v\2d\2v.2dus.00069sm.png	69	0.123857730233033	0.157972656607411	-0.0467578114791945	158.55831420125679	-0.0696790154108417	-0.00277557182529292	-0.193943391223027	-50.867586990911413	-0.149269718419167	0.132381627517187	0.0517358841213173	-129.76274229076859	0	0	0	1
..\bite-us\group1\02\post\sweep_2v\2d\2v.2dus.00070sm.png	70	0.123971018023352	0.158003880555005	-0.04635034606429	158.52590215594662	-0.06960154286792	-0.00229558967132128	-0.193977476201309	-51.30254535145162	-0.149211806787195	0.132353554301651	0.0519742030772712	-129.72743982122557	0	0	0	1
..\bite-us\group1\02\post\sweep_2v\2d\2v.2dus.00071sm.png	71	0.124152443349605	0.157932611977006	-0.0461069406393982	158.53057983210178	-0.069595147348353	-0.00192449930986188	-0.193983803247905	-51.627126354272093	-0.149063871008117	0.132444500509408	0.0521667302174415	-129.81901698033619	0	0	0	1
..\bite-us\group1\02\post\sweep_2v\2d\2v.2dus.00072sm.png	72	0.124310523657718	0.157874761212155	-0.0458785194515947	158.52613147116304	-0.0694026950347257	-0.00174687242333242	-0.194054419491685	-51.784722605092881	-0.149021847371119	0.132515914318248	0.0521054447049555	-129.95513561412852	0	0	0	1
..\bite-us\group1\02\post\sweep_2v\2d\2v.2dus.00073sm.png	73	0.1243244773435	0.157917839535247	-0.0456921147907489	158.4223377159033	-0.069464493159221	-0.00145677620400652	-0.194034698391364	-51.925050307247709	-0.148981407858292	0.132468083319233	0.0523421446384053	-130.1018273989084	0	0	0	1
..\bite-us\group1\02\post\sweep_2v\2d\2v.2dus.00074sm.png	74	0.124467578417344	0.157857091432909	-0.0455120344802063	158.392210138455	-0.0696067764153244	-0.00104678513264796	-0.193986343670206	-52.203778371735311	-0.148795396313293	0.132544340746363	0.0526771945547935	-130.18894794176271	0	0	0	1
..\bite-us\group1\02\post\sweep_2v\2d\2v.2dus.00075sm.png	75	0.124531197816883	0.15787048563728	-0.0452910246639728	158.30244944782888	-0.0696905787291863	-0.000672723209942942	-0.193957907615935	-52.446068333535798	-0.148702909758767	0.132530813574775	0.0529715659326982	-130.19776298246902	0	0	0	1
..\bite-us\group1\02\post\sweep_2v\2d\2v.2dus.00076sm.png	76	0.1246550875554	0.157851113292472	-0.0450168943455148	158.16760364266696	-0.0697425478877765	-0.000235093038346739	-0.193940247184846	-52.840692414360049	-0.148574686688942	0.132555385036784	0.0532690659256537	-130.28080941857726	0	0	0	1
..\bite-us\group1\02\post\sweep_2v\2d\2v.2dus.00077sm.png	77	0.124831438202297	0.157814407167299	-0.0446554431035187	158.15669565212073	-0.0695849851755638	0.000146397603150177	-0.193996919657703	-53.030369586277779	-0.148500482283739	0.132599211147108	0.0533668455483097	-130.50123377802984	0	0	0	1
..\bite-us\group1\02\post\sweep_2v\2d\2v.2dus.00078sm.png	78	0.124982494046412	0.157764217362262	-0.0444095511925418	158.11171177819466	-0.0698652283765979	0.000766371207268711	-0.19389470646345	-53.505101841566628	-0.14824161834608	0.132656789249195	0.0539404134907752	-130.69861331327687	0	0	0	1
..\bite-us\group1\02\post\sweep_2v\2d\2v.2dus.00079sm.png	79	0.125143579943201	0.157755642753523	-0.0439843432202193	158.02610271179776	-0.0695550829442515	0.00108374937576535	-0.194004663817757	-53.869260746623041	-0.14825156390291	0.132664773038561	0.0538934282419589	-130.75664808252304	0	0	0	1
..\bite-us\group1\02\post\sweep_2v\2d\2v.2dus.00080sm.png	80	0.125383597568557	0.157597112165346	-0.0438688061080698	158.05070282125376	-0.0696891224328456	0.00145379735064926	-0.193954132300992	-54.313350326226214	-0.147985577132862	0.13284952408295	0.05416877378387	-130.86081200964961	0	0	0	1
..\bite-us\group1\02\post\sweep_2v\2d\2v.2dus.00081sm.png	81	0.125548475240889	0.157545092575396	-0.0435831305675321	158.06919388376309	-0.0695749486214681	0.00177740265038917	-0.193992420683887	-54.678655290202272	-0.147899486993865	0.132907275887695	0.0542621883669067	-130.96358775841782	0	0	0	1
..\bite-us\group1\02\post\sweep_2v\2d\2v.2dus.00082sm.png	82	0.125773207686671	0.157469479048829	-0.0432067531862965	158.06418321072169	-0.0692847153787267	0.0020818133870625	-0.194093238863244	-55.090711120260615	-0.147844782820142	0.132992437979652	0.0542026267435468	-131.12450084698904	0	0	0	1
..\bite-us\group1\02\post\sweep_2v\2d\2v.2dus.00083sm.png	83	0.125906299899629	0.157426625768648	-0.0429746263431098	158.04242099403749	-0.0692306317345819	0.00237962863632742	-0.194109112218098	-55.459178054573904	-0.147756809113001	0.133038168227434	0.0543301728673694	-131.14181832424461	0	0	0	1
..\bite-us\group1\02\post\sweep_2v\2d\2v.2dus.00084sm.png	84	0.126072349101651	0.157390559301994	-0.0426184250395091	158.0944558041889	-0.0691350480750571	0.00280837830487074	-0.194137445418821	-55.791106589519686	-0.1476599447504	0.133072477216598	0.0545092264908635	-131.23738524039476	0	0	0	1
..\bite-us\group1\02\post\sweep_2v\2d\2v.2dus.00085sm.png	85	0.126280009572968	0.157268047382797	-0.04245546644756	158.20912127474571	-0.069057324576415	0.00303410901893174	-0.19416170900265	-56.019470068299185	-0.147518800390456	0.133212292201295	0.0545499566005008	-131.13553504188306	0	0	0	1
..\bite-us\group1\02\post\sweep_2v\2d\2v.2dus.00086sm.png	86	0.126245486768732	0.157342037660146	-0.042283718747349	158.17521667252296	-0.0691804643568802	0.00334148494634676	-0.194112819070966	-56.288027276075809	-0.147490649825448	0.133117530783763	0.0548564876787049	-131.18086684286425	0	0	0	1
..\bite-us\group1\02\post\sweep_2v\2d\2v.2dus.00087sm.png	87	0.126412353646554	0.157299693444015	-0.041941310487517	158.18272672560965	-0.0687219171628704	0.00342680463350159	-0.194274145084106	-56.421594652941586	-0.147562076127434	0.13316539637264	0.0545473800072512	-131.21813306172828	0	0	0	1
..\bite-us\group1\02\post\sweep_2v\2d\2v.2dus.00088sm.png	88	0.126632293050781	0.157208233091502	-0.0416194386627319	158.09482584263827	-0.0685819290312397	0.00379876458981778	-0.194316690300846	-56.85952869719177	-0.147438572738261	0.133263273914828	0.0546422898051551	-131.28464182180178	0	0	0	1
..\bite-us\group1\02\post\sweep_2v\2d\2v.2dus.00089sm.png	89	0.126767741991233	0.157216868355793	-0.0411720997432078	158.05101407207508	-0.0682505733629816	0.00411457166353012	-0.194426892926328	-57.331558240122263	-0.147475930884022	0.133243708831159	0.0545891486375792	-131.29907321176432	0	0	0	1
..\bite-us\group1\02\post\sweep_2v\2d\2v.2dus.00090sm.png	90	0.127014180731354	0.157086692278681	-0.0409084988591477	158.06433301601777	-0.0680200889432599	0.00434527966614593	-0.194502629328425	-57.706753692598561	-0.147370338797651	0.133389838414422	0.0545174792580028	-131.50891944383432	0	0	0	1
..\bite-us\group1\02\post\sweep_2v\2d\2v.2dus.00091sm.png	91	0.127311810021816	0.156891762041375	-0.0407308147164384	158.08801814090339	-0.0677953988208223	0.00449823983968048	-0.194577584077926	-58.032417216557597	-0.147216976914129	0.133613996948512	0.0543828846803762	-131.69115545724699	0	0	0	1
..\bite-us\group1\02\post\sweep_2v\2d\2v.2dus.00092sm.png	92	0.127518581117722	0.156844524771902	-0.0402632015790408	158.03743945406006	-0.0674174710823199	0.00483023118681692	-0.194700897346964	-58.417735124734278	-0.147211573684367	0.133657858932491	0.0542896749863074	-131.69397451168089	0	0	0	1
..\bite-us\group1\02\post\sweep_2v\2d\2v.2dus.00093sm.png	93	0.127616174875637	0.156808794883979	-0.0400927712654812	158.07831522957696	-0.0674485642394267	0.00511488987772712	-0.194682857082519	-58.666205932377011	-0.147112727036756	0.13368918837076	0.0544801660209242	-131.74959621076798	0	0	0	1
..\bite-us\group1\02\post\sweep_2v\2d\2v.2dus.00094sm.png	94	0.127811418627146	0.15672715240716	-0.0397888418379223	158.08029898822653	-0.0672180610514009	0.00537272088236194	-0.19475562018778	-59.114762522872518	-0.14704871608092	0.133774784273131	0.054442906881395	-131.80983479133454	0	0	0	1
..\bite-us\group1\02\post\sweep_2v\2d\2v.2dus.00095sm.png	95	0.127971579618846	0.156695635863329	-0.039396220273889	158.03122332644804	-0.0668182686452699	0.00557084733731315	-0.194887582337901	-59.440789811396485	-0.147091621614374	0.133803597485236	0.0542558910888513	-131.99228711348863	0	0	0	1
..\bite-us\group1\02\post\sweep_2v\2d\2v.2dus.00096sm.png	96	0.128172446885995	0.156618301549007	-0.0390491491394087	157.99844014598199	-0.0665097661307483	0.00581422032538498	-0.194985975580061	-59.89344110375481	-0.147056540937595	0.133883762273741	0.0541531801264356	-131.9834450227269	0	0	0	1
..\bite-us\group1\02\post\sweep_2v\2d\2v.2dus.00097sm.png	97	0.128366533852685	0.156590340019071	-0.0385201555296942	157.95144837327445	-0.0658978238557877	0.00600512211297559	-0.19518785749437	-60.1958700217372	-0.147162703025459	0.13390804031043	0.0538036387612572	-132.06807502826541	0	0	0	1
..\bite-us\group1\02\post\sweep_2v\2d\2v.2dus.00098sm.png	98	0.128448554636085	0.156597473926364	-0.0382165601369646	157.98555123145064	-0.0657828085558513	0.00631643544440169	-0.195216825564517	-60.638298875525379	-0.147142591639693	0.133885373143663	0.0539149254570289	-132.07659410189137	0	0	0	1
..\bite-us\group1\02\post\sweep_2v\2d\2v.2dus.00099sm.png	99	0.128418318822284	0.156691072759629	-0.0379335860082686	157.88223083529493	-0.0658159276135229	0.00668542682755174	-0.195193373265398	-60.844486719931105	-0.147154172306701	0.133757886213224	0.0541989273422854	-131.99956507398483	0	0	0	1
..\bite-us\group1\02\post\sweep_2v\2d\2v.2dus.00100sm.png	100	0.128626225113172	0.156547352358312	-0.0378222609506811	157.99235249086195	-0.065981577650965	0.00707077484727717	-0.195123857910485	-61.164163413844122	-0.146898185788204	0.133906273009599	0.0545260514793968	-131.88027974297813	0	0	0	1
..\bite-us\group1\02\post\sweep_2v\2d\2v.2dus.00101sm.png	101	0.128574802428299	0.156643414402342	-0.0375988297366251	157.94137337501101	-0.0657120590117232	0.00708012542467078	-0.195214449582362	-61.227825429090693	-0.147063920949376	0.13379339253867	0.0543560513275022	-131.80645212697706	0	0	0	1
..\bite-us\group1\02\post\sweep_2v\2d\2v.2dus.00102sm.png	102	0.128614743387356	0.156618955877893	-0.0375640745493137	157.93628970033555	-0.0657391684786807	0.00716653744560336	-0.195202168807073	-61.280907711604129	-0.147016872756758	0.133817423153411	0.0544241420281017	-131.94273228338875	0	0	0	1
..\bite-us\group1\02\post\sweep_2v\2d\2v.2dus.00103sm.png	103	0.12879507963057	0.156508902142909	-0.0374044383456144	157.94430575774166	-0.0656959642957971	0.00740962241119588	-0.195207638315962	-61.609598142985185	-0.146878245844104	0.133932895079604	0.0545143978631343	-131.98444844317808	0	0	0	1
..\bite-us\group1\02\post\sweep_2v\2d\2v.2dus.00104sm.png	104	0.128801631036155	0.156610179965106	-0.0369554035530678	157.87497757467165	-0.0653686689502116	0.00767465389252327	-0.195307247669163	-61.918753880164175	-0.147018462534963	0.133799516283082	0.0544638485176403	-132.04048118173017	0	0	0	1
..\bite-us\group1\02\post\sweep_2v\2d\2v.2dus.00105sm.png	105	0.128993431612531	0.156451445959384	-0.0369585915872883	157.92866309943426	-0.0655477475256764	0.00792283222592565	-0.195237306807268	-62.126429693443825	-0.146770360629024	0.133970642774442	0.0547118833321863	-132.252606474419	0	0	0	1
..\bite-us\group1\02\post\sweep_2v\2d\2v.2dus.00106sm.png	106	0.129230496049212	0.156286699306512	-0.0368270507893453	157.9582247125127	-0.0655642393653415	0.00821276777439827	-0.195219787995946	-62.386738574115874	-0.146554292913443	0.134145359234001	0.0548628867651263	-132.43784275884042	0	0	0	1
..\bite-us\group1\02\post\sweep_2v\2d\2v.2dus.00107sm.png	107	0.129328053632924	0.156266860948219	-0.0365678427156863	157.94700311209075	-0.0657184732604145	0.00872365781376877	-0.195145754026451	-62.850109744218983	-0.146399071649653	0.134136219204203	0.0552979312795247	-132.43757160692417	0	0	0	1
..\bite-us\group1\02\post\sweep_2v\2d\2v.2dus.00108sm.png	108	0.129536975548046	0.156240777322925	-0.0359343266171435	157.88228426906073	-0.0655477691317369	0.00945755803789414	-0.195168979596322	-63.679374588052511	-0.14629085170221	0.134116864846102	0.0556302724524069	-132.55409469844659	0	0	0	1
..\bite-us\group1\02\post\sweep_2v\2d\2v.2dus.00109sm.png	109	0.129665170513922	0.156180079717723	-0.0357352268716757	157.89838490981245	-0.06535785826214	0.00959314134241879	-0.1952260435832	-63.857199650593017	-0.146262248317951	0.134177917994019	0.0555582496710115	-132.6777311920049	0	0	0	1
..\bite-us\group1\02\post\sweep_2v\2d\2v.2dus.00110sm.png	110	0.129787025425885	0.156147331058967	-0.035434694707296	157.89647531637988	-0.0652868942529739	0.00996180657626175	-0.195231325538672	-64.292720518187721	-0.146185843479942	0.13418916778771	0.0557319080836123	-132.67919962260709	0	0	0	1
..\bite-us\group1\02\post\sweep_2v\2d\2v.2dus.00111sm.png	111	0.129914182863167	0.15611525393321	-0.0351085409194025	157.99912841926528	-0.0649987909428127	0.0101659489031248	-0.195316915307539	-64.505064666862978	-0.146201277802243	0.134211178040162	0.0556383553718525	-132.70809117883016	0	0	0	1
..\bite-us\group1\02\post\sweep_2v\2d\2v.2dus.00112sm.png	112	0.129962289241787	0.156102509202703	-0.0349869467700902	158.07888629373724	-0.0649997899631424	0.0103419683795783	-0.195307342574896	-64.74482574362689	-0.146158072113113	0.134212553992968	0.0557484451017727	-132.60129006643396	0	0	0	1
..\bite-us\group1\02\post\sweep_2v\2d\2v.2dus.00113sm.png	113	0.130063054657623	0.15603508206026	-0.0349131253743181	158.14660012154019	-0.0650853216946414	0.0105611615598738	-0.195267125573283	-65.048407683922335	-0.146030319033664	0.13427387821767	0.0559352928496052	-132.48965264578891	0	0	0	1
..\bite-us\group1\02\post\sweep_2v\2d\2v.2dus.00114sm.png	114	0.130208114634511	0.155965112497374	-0.034684248761474	158.14263820427436	-0.0649745811268967	0.0108154855999162	-0.195290084419689	-65.369086298922028	-0.14595034105733	0.134334910926308	0.0559974950728068	-132.58590929169446	0	0	0	1
..\bite-us\group1\02\post\sweep_2v\2d\2v.2dus.00115sm.png	115	0.130295102412177	0.155940259433552	-0.0344686387132568	158.14943566482273	-0.0649376995802872	0.0110934543554286	-0.19528676098543	-65.598007699098446	-0.145889111398559	0.134341096083515	0.0561420303186558	-132.70911292265927	0	0	0	1
..\bite-us\group1\02\post\sweep_2v\2d\2v.2dus.00116sm.png	116	0.130349074585276	0.155966446720062	-0.0341446139806978	158.14170010551476	-0.0649448340076639	0.0115319243165908	-0.195258989243375	-66.097187941570922	-0.145837713416385	0.134273756027505	0.0564358582373912	-132.71030754999526	0	0	0	1
..\bite-us\group1\02\post\sweep_2v\2d\2v.2dus.00117sm.png	117	0.130435948131727	0.155925819540194	-0.0339980574538034	158.11803671738809	-0.0648883190331156	0.0117055583920526	-0.195267447286744	-66.363505395617139	-0.145785187354801	0.134305912163645	0.0564950418949536	-132.84393597698963	0	0	0	1
..\bite-us\group1\02\post\sweep_2v\2d\2v.2dus.00118sm.png	118	0.130602546814203	0.155780281353721	-0.0340254725008617	158.18053719387134	-0.0648674957383595	0.0117329189060045	-0.195272723842747	-66.407065229617288	-0.145645233791973	0.134472309022937	0.0564602885518102	-132.97350796821598	0	0	0	1
..\bite-us\group1\02\post\sweep_2v\2d\2v.2dus.00119sm.png	119	0.130751111473714	0.155649403933343	-0.0340536861932353	158.21054766340072	-0.0647901598558771	0.0116982555544264	-0.195300475960635	-66.375866436663912	-0.145546327326658	0.134626792321729	0.0563471754875831	-133.03598648033849	0	0	0	1
..\bite-us\group1\02\post\sweep_2v\2d\2v.2dus.00120sm.png	120	0.130735943919355	0.155722899111696	-0.0337748725907359	158.07922377853546	-0.0647035284902905	0.0119606475100132	-0.195313304296577	-66.668616431502969	-0.145598481216192	0.134518701086686	0.0564703885718743	-133.02323315526701	0	0	0	1
..\bite-us\group1\02\post\sweep_2v\2d\2v.2dus.00121sm.png	121	0.13076562414368	0.155749663448965	-0.0335357590941338	158.02655844224756	-0.0646735608010018	0.0122473714521779	-0.195305462596013	-67.015568256201362	-0.14558514154842	0.134461903774661	0.0566397632530697	-133.13015042820749	0	0	0	1
..\bite-us\group1\02\post\sweep_2v\2d\2v.2dus.00122sm.png	122	0.131064295023464	0.155545019610521	-0.0333186923714904	158.12530651242969	-0.0646285649539403	0.0126243442616578	-0.195296356572714	-67.549294065514275	-0.145336335876604	0.134663774434647	0.0567990447745689	-133.38918500394777	0	0	0	1
..\bite-us\group1\02\post\sweep_2v\2d\2v.2dus.00123sm.png	123	0.13134636704848	0.155366234510177	-0.0330407276050605	158.24005597936252	-0.0643192249339927	0.0128252035285277	-0.195385373442303	-67.833070936378135	-0.145218871125955	0.134851053637857	0.0566550951227346	-133.47847511051168	0	0	0	1
..\bite-us\group1\02\post\sweep_2v\2d\2v.2dus.00124sm.png	124	0.131294193055502	0.155443906789237	-0.0328824877184127	158.15017746293134	-0.064483189524629	0.0131506909177064	-0.195309681028086	-68.161190473426373	-0.145193334911337	0.134730139572204	0.0570070534002779	-133.37353066381499	0	0	0	1
..\bite-us\group1\02\post\sweep_2v\2d\2v.2dus.00125sm.png	125	0.131209486463947	0.155557687039962	-0.0326820683054408	158.01709096965527	-0.0645798228339008	0.0134501706761181	-0.195257354310675	-68.384334835729973	-0.145226955172412	0.134569157871408	0.0573007996288036	-133.39274992738061	0	0	0	1
..\bite-us\group1\02\post\sweep_2v\2d\2v.2dus.00126sm.png	126	0.131440909203197	0.155415204301784	-0.0324288789680642	158.15579024958873	-0.064342693311081	0.0136630062455482	-0.195320852997491	-68.595490107455831	-0.145122901601896	0.134712270676537	0.0572281908890496	-133.59570115923134	0	0	0	1
..\bite-us\group1\02\post\sweep_2v\2d\2v.2dus.00127sm.png	127	0.131430176045549	0.155432759754895	-0.0323882396850911	158.216232365487	-0.0643631771619293	0.0137277776581842	-0.195309562842999	-68.653294506288532	-0.14512353914613	0.134685428514759	0.0572897044101631	-133.51989074069553	0	0	0	1
..\bite-us\group1\02\post\sweep_2v\2d\2v.2dus.00128sm.png	128	0.131404512967403	0.155489212849753	-0.0322210446376349	158.14846691309003	-0.0642473784621887	0.0138177565709324	-0.195341342186813	-68.783746733295018	-0.145198070567678	0.134611045718285	0.0572756314180839	-133.39716225052163	0	0	0	1
..\bite-us\group1\02\post\sweep_2v\2d\2v.2dus.00129sm.png	129	0.131520510145732	0.155432218713751	-0.0320220865461347	158.184766570623	-0.0640960243453512	0.0139849884272602	-0.195379160177524	-68.981870249986613	-0.145159933997529	0.134659588678526	0.0572582167097741	-133.69707697955346	0	0	0	1
..\bite-us\group1\02\post\sweep_2v\2d\2v.2dus.00130sm.png	130	0.131661361636703	0.155373875000041	-0.0317249814426207	158.15330521379232	-0.063917158152368	0.0142625744545302	-0.195417689089748	-69.397479175980365	-0.145111109532437	0.134697799818929	0.0572921109971892	-133.70375472346063	0	0	0	1
..\bite-us\group1\02\post\sweep_2v\2d\2v.2dus.00131sm.png	131	0.131863700586132	0.15518607936812	-0.0318034561381509	158.2505539004581	-0.0638622796460594	0.0142132939960923	-0.195439219737137	-69.456336714682209	-0.144951457633857	0.134919318048943	0.0571750400562524	-133.91078714809294	0	0	0	1
..\bite-us\group1\02\post\sweep_2v\2d\2v.2dus.00132sm.png	132	0.131958610248619	0.155156514915885	-0.031553037255303	158.2699931988237	-0.0636762800159112	0.0144028329378645	-0.195486028692494	-69.717399103456827	-0.144946914105229	0.134933219116644	0.0571537581024132	-133.90895752556321	0	0	0	1
..\bite-us\group1\02\post\sweep_2v\2d\2v.2dus.00133sm.png	133	0.132083356957661	0.155113837615812	-0.0312393180977744	158.24476876032966	-0.0634359438243286	0.0146365370927807	-0.195546800399072	-70.131914450497177	-0.144938673962307	0.134957135790171	0.0571181888516932	-134.11975408443143	0	0	0	1
..\bite-us\group1\02\post\sweep_2v\2d\2v.2dus.00134sm.png	134	0.132457971680045	0.154876566887052	-0.0308273957923196	158.2529380774719	-0.0629223901672459	0.014863711129655	-0.195695533011854	-70.636254317823983	-0.144820612890879	0.135204580023735	0.0568318895260068	-134.27451315382484	0	0	0	1
..\bite-us\group1\02\post\sweep_2v\2d\2v.2dus.00135sm.png	135	0.132677280353894	0.154751550777857	-0.0305103531359404	158.14101405473366	-0.0627410687678244	0.0152041120256571	-0.195727599610573	-71.167958668392501	-0.144698475913901	0.135309836479168	0.0568925192044571	-134.40846739990039	0	0	0	1
..\bite-us\group1\02\post\sweep_2v\2d\2v.2dus.00136sm.png	136	0.132880389410132	0.154602620406299	-0.0303810054685029	158.14294569684239	-0.0625638128573993	0.0153029710673761	-0.195776629405877	-71.402458401705132	-0.144588805911787	0.135468845786315	0.0567929531229279	-134.53841452658281	0	0	0	1
..\bite-us\group1\02\post\sweep_2v\2d\2v.2dus.00137sm.png	137	0.133098885541318	0.154430875918943	-0.0302977178876951	158.15568914150367	-0.0623653636155455	0.0153310682555011	-0.195837738719179	-71.550069531298092	-0.144473525093009	0.135661425054113	0.0566265134312749	-134.72153046347492	0	0	0	1
..\bite-us\group1\02\post\sweep_2v\2d\2v.2dus.00138sm.png	138	0.133381590643541	0.154238976639879	-0.0300305806603447	158.21703099570482	-0.061939862978855	0.0154106153746151	-0.195966492933025	-71.923285124982712	-0.144395831018765	0.135870564720686	0.056322566631498	-134.99630397805331	0	0	0	1
..\bite-us\group1\02\post\sweep_2v\2d\2v.2dus.00139sm.png	139	0.133388711168863	0.154306877054517	-0.0296478066273686	158.23185861069044	-0.0617061097435922	0.0156807529395156	-0.196018802684444	-72.279653258646178	-0.144489304507503	0.135762516990485	0.0563433243212495	-135.05396425164068	0	0	0	1
..\bite-us\group1\02\post\sweep_2v\2d\2v.2dus.00140sm.png	140	0.133685171708468	0.154081363977286	-0.0294846423375731	158.26421137163391	-0.0615309603542922	0.0158704626778583	-0.196058590753602	-72.658750815185499	-0.144289871949477	0.135996400790423	0.056290483184666	-134.98656155883415	0	0	0	1
..\bite-us\group1\02\post\sweep_2v\2d\2v.2dus.00141sm.png	141	0.133783163965501	0.154030481229318	-0.0293054352874248	158.27215562400619	-0.0614261728833152	0.0160484870731599	-0.196076958710123	-72.953145557483253	-0.144243688556309	0.136033143952446	0.0563200795882728	-135.0661457168427	0	0	0	1
..\bite-us\group1\02\post\sweep_2v\2d\2v.2dus.00142sm.png	142	0.134023934612125	0.153880109294936	-0.0289934291748803	158.26010467500643	-0.0610454759978716	0.0162063502403619	-0.196182840232182	-73.151667680274741	-0.144181781703926	0.136184527439518	0.0561124576394716	-135.22435290598986	0	0	0	1
..\bite-us\group1\02\post\sweep_2v\2d\2v.2dus.00143sm.png	143	0.134214610751641	0.15373876474093	-0.0288607341542028	158.31838142215835	-0.0610483886211294	0.016473238027177	-0.196159707101343	-73.549514039523444	-0.144003068965871	0.136312083042893	0.0562615408002834	-135.29818858582811	0	0	0	1
..\bite-us\group1\02\post\sweep_2v\2d\2v.2dus.00144sm.png	144	0.134406562816331	0.15361052243557	-0.0286493550893283	158.31633146527989	-0.0610429897308452	0.016833964043597	-0.196130764696249	-73.9935315823965	-0.143826216805768	0.136412552172847	0.056470091480857	-135.35631637357827	0	0	0	1
..\bite-us\group1\02\post\sweep_2v\2d\2v.2dus.00145sm.png	145	0.134547922743146	0.153499940098437	-0.0285782929827906	158.38352176354473	-0.0610804293623951	0.0170313089395245	-0.196102071679268	-74.252473508432004	-0.143678074174351	0.136512498490952	0.0566055853473417	-135.40540662082373	0	0	0	1
..\bite-us\group1\02\post\sweep_2v\2d\2v.2dus.00146sm.png	146	0.134774953629456	0.153319915869475	-0.0284744737310711	158.36419130571693	-0.0609734616352415	0.0171767138722213	-0.196122678360714	-74.389072345884188	-0.143510627531323	0.136696463878875	0.0565865091482486	-135.57180160821449	0	0	0	1
..\bite-us\group1\02\post\sweep_2v\2d\2v.2dus.00147sm.png	147	0.134896972835321	0.153222979318865	-0.0284182760457757	158.34670284378757	-0.0609494905490798	0.0172874105657839	-0.196120404560696	-74.55539572450752	-0.143406128480322	0.13679116705124	0.056622629228617	-135.76861001271826	0	0	0	1
..\bite-us\group1\02\post\sweep_2v\2d\2v.2dus.00148sm.png	148	0.135055912025207	0.153100192129688	-0.0283248252359057	158.31874390679559	-0.0608882225650128	0.0174290400645216	-0.196126901901517	-74.734292176881922	-0.143282505365984	0.136910624390299	0.0566469440049002	-136.00936763349267	0	0	0	1
..\bite-us\group1\02\post\sweep_2v\2d\2v.2dus.00149sm.png	149	0.135219012150714	0.152946444067444	-0.0283770311280396	158.42431740989545	-0.0608522732032508	0.0174103775500568	-0.196139716001739	-74.741841187609438	-0.143143882031411	0.137084730511273	0.0565764045370641	-136.06822279023015	0	0	0	1
..\bite-us\group1\02\post\sweep_2v\2d\2v.2dus.00150sm.png	150	0.135199008353359	0.152969043001678	-0.0283505511588269	158.42770889337976	-0.0608511536014749	0.0174331272697266	-0.196138042952995	-74.826176363193511	-0.14316325160347	0.137056620764587	0.0565954768050058	-136.12090874985299	0	0	0	1
..\bite-us\group1\02\post\sweep_2v\2d\2v.2dus.00151sm.png	151	0.135136837398662	0.153050927922204	-0.0282047723064391	158.47106727865832	-0.060815345191607	0.0175542573206065	-0.196138347009303	-74.901360807102336	-0.143237147176121	0.136949701900858	0.0566672153085585	-136.24857655741476	0	0	0	1
..\bite-us\group1\02\post\sweep_2v\2d\2v.2dus.00152sm.png	152	0.135187591101799	0.153009305821206	-0.0281873187089145	158.42234060255768	-0.060922509308616	0.0177049193663745	-0.196091544858222	-75.119776176151987	-0.143143684581874	0.136976813735035	0.0568376172824318	-136.26581741930741	0	0	0	1
..\bite-us\group1\02\post\sweep_2v\2d\2v.2dus.00153sm.png	153	0.135301958468476	0.152926727752013	-0.028086426429334	158.42617650411214	-0.0608388092101965	0.0178123944950368	-0.196107798599434	-75.25675410628304	-0.143071208468093	0.137055076082846	0.0568314843914861	-136.20788308556362	0	0	0	1
..\bite-us\group1\02\post\sweep_2v\2d\2v.2dus.00154sm.png	154	0.135536150933501	0.15273880952495	-0.0279793698554799	158.46639795148812	-0.0607520254857489	0.0179860482307282	-0.196118854572483	-75.321658870569848	-0.142886299390636	0.137241821150124	0.0568461378010302	-136.40426375979729	0	0	0	1
..\bite-us\group1\02\post\sweep_2v\2d\2v.2dus.00155sm.png	155	0.13538380484495	0.152882515405158	-0.0279322460839028	158.34103682182715	-0.0609333831851341	0.0181426132417236	-0.196048160288621	-75.378698821190156	-0.14295348741237	0.137061086406071	0.0571125390381278	-136.36524595636703	0	0	0	1
..\bite-us\group1\02\post\sweep_2v\2d\2v.2dus.00156sm.png	156	0.135367432032113	0.152921880030992	-0.0277958442431359	158.38111675494494	-0.0605896127828043	0.017979852392333	-0.196169659119728	-75.351505536813264	-0.143115018540688	0.137038618113276	0.0567608097448157	-136.49797305623622	0	0	0	1
..\bite-us\group1\02\post\sweep_2v\2d\2v.2dus.00157sm.png	157	0.135565718888129	0.152726607727404	-0.0279026121196856	158.48520253708503	-0.0605699546528054	0.017924872040026	-0.196180760147415	-75.462111702200374	-0.142935537287766	0.137263402234856	0.0566699852135781	-136.45740167801151	0	0	0	1
..\bite-us\group1\02\post\sweep_2v\2d\2v.2dus.00158sm.png	158	0.135735805496772	0.152661423683109	-0.0274283441173519	158.42746400515517	-0.0601942383637553	0.0182602716521193	-0.196265454730201	-75.754849522667982	-0.142932837857472	0.137291702359964	0.0566082225277721	-136.6958187485271	0	0	0	1
..\bite-us\group1\02\post\sweep_2v\2d\2v.2dus.00159sm.png	159	0.135438204516363	0.152956938881669	-0.0272529666347843	158.26394049562853	-0.0602870800943299	0.0184229514792984	-0.196221753278718	-75.80551825695386	-0.143175808344581	0.136940604078558	0.056843935376217	-136.53958760012043	0	0	0	1
..\bite-us\group1\02\post\sweep_2v\2d\2v.2dus.00160sm.png	160	0.135617252104547	0.15280690603298	-0.0272039629705082	158.40050678278703	-0.0601980996858669	0.0184919387530131	-0.196242581832325	-75.793257524678893	-0.14304370342613	0.137098712643272	0.0567954849764365	-136.90521798885987	0	0	0	1
..\bite-us\group1\02\post\sweep_2v\2d\2v.2dus.00161sm.png	161	0.135614959286807	0.152868982985465	-0.0268646239183819	158.26811713104385	-0.0599242117930146	0.0186643485715645	-0.196310075045571	-75.947531168546718	-0.143160829218973	0.137006114725031	0.0567237168788554	-136.74778243725706	0	0	0	1
..\bite-us\group1\02\post\sweep_2v\2d\2v.2dus.00162sm.png	162	0.135731495348622	0.152783897009016	-0.0267598011998701	158.31819745582959	-0.0600619825680074	0.0189904612975593	-0.19623668719026	-76.194312455217684	-0.142992554996642	0.137056202096453	0.0570263910795832	-136.78386473719038	0	0	0	1
..\bite-us\group1\02\post\sweep_2v\2d\2v.2dus.00163sm.png	163	0.136018705083566	0.152566888427757	-0.0265383776492116	158.4229189605862	-0.060073064257299	0.0194334571740474	-0.196189926480568	-76.73692829960865	-0.142714716067295	0.137235726530654	0.057290146609371	-136.78440028628847	0	0	0	1
..\bite-us\group1\02\post\sweep_2v\2d\2v.2dus.00164sm.png	164	0.136297491619767	0.152348679341546	-0.0263607023062148	158.46697770047729	-0.0597399584659376	0.0194853110863029	-0.196286473042496	-76.901096359165791	-0.142588507617858	0.137470585557116	0.0570409284083534	-137.09161706459375	0	0	0	1
..\bite-us\group1\02\post\sweep_2v\2d\2v.2dus.00165sm.png	165	0.136431042244677	0.152277542402846	-0.0260792881358668	158.45164568391903	-0.0595404807848978	0.0197245964656791	-0.196323183113086	-77.262550741194275	-0.142544214978984	0.137515270834461	0.0570439492137267	-137.09379707899905	0	0	0	1
..\bite-us\group1\02\post\sweep_2v\2d\2v.2dus.00166sm.png	166	0.136637186623239	0.152147905973649	-0.0257544875912783	158.48523091551607	-0.0592580004963729	0.0199774083234795	-0.196383081330965	-77.574790820298034	-0.142464451611265	0.137622226414087	0.0569853084144732	-137.2705116190001	0	0	0	1
..\bite-us\group1\02\post\sweep_2v\2d\2v.2dus.00167sm.png	167	0.13653062136701	0.15229575903201	-0.0254441213546504	158.42152452476105	-0.0591608269512375	0.0202291190525451	-0.196386616040109	-77.753368429332966	-0.142606933027901	0.137421773609139	0.0571124099301614	-137.12631357053047	0	0	0	1
..\bite-us\group1\02\post\sweep_2v\2d\2v.2dus.00168sm.png	168	0.136527201767978	0.152299577411684	-0.0254396208214549	158.39632430510508	-0.0594444378511755	0.0205065131759768	-0.196272177449383	-77.931964943183701	-0.142492222068449	0.13737642074332	0.0575064491249875	-137.11946231556959	0	0	0	1
..\bite-us\group1\02\post\sweep_2v\2d\2v.2dus.00169sm.png	169	0.136462151842693	0.152394356859451	-0.0252202609097923	158.36562860797878	-0.059332317465977	0.0206473688444283	-0.196291337087487	-77.948187286264087	-0.142601222233959	0.137250156633266	0.0575376664740126	-137.2771091692824	0	0	0	1
..\bite-us\group1\02\post\sweep_2v\2d\2v.2dus.00170sm.png	170	0.136505113948703	0.152358754070731	-0.0252028114265742	158.36292130836011	-0.05939262300497	0.0207502721065932	-0.196262248256252	-77.992893577761009	-0.142534983644303	0.137274162187123	0.0576444433126383	-137.3031079303509	0	0	0	1
..\bite-us\group1\02\post\sweep_2v\2d\2v.2dus.00171sm.png	171	0.136561599373559	0.152331791763121	-0.0250593498348361	158.24209429985288	-0.0593795821939193	0.0209520350071323	-0.19624476149263	-78.131340257595539	-0.142486301654059	0.137273438020458	0.0577663934462085	-137.28389408396083	0	0	0	1
..\bite-us\group1\02\post\sweep_2v\2d\2v.2dus.00172sm.png	172	0.136850107792508	0.152086301508434	-0.024976040681949	158.3717745491856	-0.059245369780178	0.0210808549069492	-0.19627152985906	-78.379536438925996	-0.142265194340813	0.137525684104961	0.0577115031675998	-137.41223637058471	0	0	0	1
..\bite-us\group1\02\post\sweep_2v\2d\2v.2dus.00173sm.png	173	0.136850340628337	0.152103819842966	-0.0248678848799131	158.26937998568141	-0.0592363773248065	0.0212118844808213	-0.196260128944124	-78.456037530499671	-0.142268714886238	0.137486156701722	0.0577969179771857	-137.48878235270797	0	0	0	1
..\bite-us\group1\02\post\sweep_2v\2d\2v.2dus.00174sm.png	174	0.137005396088958	0.151982267461385	-0.024756864883739	158.3059692084399	-0.0590728941269791	0.0212784316594258	-0.19630219676032	-78.512853395678547	-0.142187432588154	0.137610239670131	0.0577016362629958	-137.66662561048187	0	0	0	1
..\bite-us\group1\02\post\sweep_2v\2d\2v.2dus.00175sm.png	175	0.137014500583476	0.151993468091102	-0.0246374532922217	158.2393566390781	-0.0591501973309916	0.0215122713960259	-0.196253430765637	-78.64415583803796	-0.142146516487763	0.137561503247393	0.0579182220654021	-137.69559544048258	0	0	0	1
..\bite-us\group1\02\post\sweep_2v\2d\2v.2dus.00176sm.png	176	0.136983629418599	0.152089825756049	-0.0242109658998868	158.06165540254648	-0.0592114904291982	0.0221057588533155	-0.196168988803932	-79.079950277277533	-0.142150751093694	0.137360764651604	0.0583822798549661	-137.7581715604112	0	0	0	1
..\bite-us\group1\02\post\sweep_2v\2d\2v.2dus.00177sm.png	177	0.137111913464651	0.15200051194311	-0.0240449997479791	158.18705040498233	-0.0591520934703004	0.0223305771916007	-0.196161449264781	-79.389862895004782	-0.14205176657889	0.137423247778467	0.0584761271690124	-137.74994485773101	0	0	0	1
..\bite-us\group1\02\post\sweep_2v\2d\2v.2dus.00178sm.png	178	0.137137668303917	0.152047835713364	-0.023594814439624	158.2668035061609	-0.0590961309062522	0.02287114542051	-0.196116040370771	-79.750996026221003	-0.142050197494112	0.137281920516489	0.0588108585218414	-137.60310890951268	0	0	0	1
..\bite-us\group1\02\post\sweep_2v\2d\2v.2dus.00179sm.png	179	0.137111390327678	0.152093735173423	-0.0234513553794928	158.3650293223242	-0.0589861346678271	0.0229359300735949	-0.196141588337803	-79.810393011413964	-0.142121264852944	0.137220254231347	0.058783032368319	-137.58955502895495	0	0	0	1
..\bite-us\group1\02\post\sweep_2v\2d\2v.2dus.00180sm.png	180	0.137059970377388	0.152172300262306	-0.0232414720898533	158.2878918192485	-0.0589816510720028	0.0231747874103159	-0.196114863475361	-80.203393834317112	-0.142172714404032	0.137092959702623	0.0589553045820577	-137.319529661524	0	0	0	1
..\bite-us\group1\02\post\sweep_2v\2d\2v.2dus.00181sm.png	181	0.137124956116244	0.152134191198951	-0.0231071918339187	158.34562557051922	-0.0588414030196224	0.0232473956155478	-0.196148397660427	-80.272076670775149	-0.142168164737542	0.137122958704934	0.0588964975191531	-137.37399952526232	0	0	0	1
..\bite-us\group1\02\post\sweep_2v\2d\2v.2dus.00182sm.png	182	0.13714883032756	0.152136572942896	-0.0229492984409262	158.3818803247207	-0.0589337312014659	0.0235528213368528	-0.196084238671658	-80.539573942357336	-0.142106878899285	0.137068184196496	0.0591712319024365	-137.25112878319561	0	0	0	1
..\bite-us\group1\02\post\sweep_2v\2d\2v.2dus.00183sm.png	183	0.137248399204931	0.152080471891117	-0.0227247064998601	158.46323415557885	-0.0588396614607552	0.0238051637726223	-0.196082021528426	-80.914352133304675	-0.142049718475286	0.137086846873774	0.0592651852865351	-137.19053527790376	0	0	0	1
..\bite-us\group1\02\post\sweep_2v\2d\2v.2dus.00184sm.png	184	0.137196708135011	0.152159589576642	-0.0225063262635123	158.47670560051799	-0.0588409081615673	0.0240600593837447	-0.196050539504304	-81.170599191259697	-0.142099127962416	0.136954489451709	0.0594523748677692	-137.02943768866567	0	0	0	1
..\bite-us\group1\02\post\sweep_2v\2d\2v.2dus.00185sm.png	185	0.137326202030034	0.152065560129705	-0.0223514018584456	158.61286029844166	-0.0588563159109633	0.0243446020995215	-0.196010790360749	-81.534657691049432	-0.141967600801857	0.13700863151537	0.0596415839523313	-137.0654787354795	0	0	0	1
..\bite-us\group1\02\post\sweep_2v\2d\2v.2dus.00186sm.png	186	0.137383737856494	0.152052540302909	-0.0220848145818534	158.57662023523611	-0.0586973187962308	0.024566094810111	-0.196030836903736	-81.866558138605967	-0.141977761296452	0.136983543945514	0.0596749996810397	-136.98637734792223	0	0	0	1
..\bite-us\group1\02\post\sweep_2v\2d\2v.2dus.00187sm.png	187	0.137223973751801	0.152223490222226	-0.0218999837866097	158.37654971431886	-0.0586406486660055	0.0246631792088641	-0.196035608948364	-81.964795205218522	-0.142155572229285	0.136776079613852	0.0597274172689258	-136.98823728655961	0	0	0	1
..\bite-us\group1\02\post\sweep_2v\2d\2v.2dus.00188sm.png	188	0.137361631634326	0.152131970219676	-0.0216716138710198	158.39627358015997	-0.0585386923976935	0.0249338917410722	-0.196031841598743	-82.28948278027022	-0.14206461561967	0.136828812822387	0.0598230045288331	-136.96105439864093	0	0	0	1
..\bite-us\group1\02\post\sweep_2v\2d\2v.2dus.00189sm.png	189	0.137442663549434	0.152084692146294	-0.0214888518178144	158.34536389705596	-0.0584100343426265	0.0250895519428297	-0.196050360633302	-82.510168631492249	-0.142039197014664	0.136852914242754	0.059828245689894	-137.08312678053511	0	0	0	1
..\bite-us\group1\02\post\sweep_2v\2d\2v.2dus.00190sm.png	190	0.137460327244068	0.152113075671923	-0.0211727199882551	158.34655210292439	-0.0583229394790538	0.0254228387206877	-0.19603336101381	-82.875304277736461	-0.142057891468643	0.136759828969143	0.0599964243697451	-137.01576799660177	0	0	0	1
..\bite-us\group1\02\post\sweep_2v\2d\2v.2dus.00191sm.png	191	0.13743986394601	0.152128089401837	-0.0211977050683552	158.27335581852284	-0.0585458870953626	0.0255941234588676	-0.195944600718815	-83.079633320409613	-0.141985965034435	0.136711172176887	0.0602768976325527	-136.93758571285102	0	0	0	1
..\bite-us\group1\02\post\sweep_2v\2d\2v.2dus.00192sm.png	192	0.137475209868102	0.152132940352133	-0.0209320558396558	158.31691024549252	-0.0583660941325376	0.0257826538394094	-0.195973523605805	-83.212605034088767	-0.142025762069681	0.136670342647815	0.0602757059110623	-136.96934680474192	0	0	0	1
..\bite-us\group1\02\post\sweep_2v\2d\2v.2dus.00193sm.png	193	0.137361291022078	0.152258463675407	-0.0207668491971717	158.24836209986356	-0.0586038907404512	0.0261615296665732	-0.195852318262929	-83.41148474448768	-0.142038062092067	0.136458396382814	0.0607251269630976	-136.65472670253368	0	0	0	1
..\bite-us\group1\02\post\sweep_2v\2d\2v.2dus.00194sm.png	194	0.137369088385861	0.152266006299135	-0.0206597171189133	158.35222485366668	-0.058486268605547	0.0261906825990934	-0.19588357982577	-83.435749921872713	-0.142078996704924	0.136444387240241	0.0606608018611176	-136.72092559704359	0	0	0	1
..\bite-us\group1\02\post\sweep_2v\2d\2v.2dus.00195sm.png	195	0.137360534364742	0.152288868647403	-0.0205478290868611	158.42121910133952	-0.0584904417286676	0.02633394166306	-0.195863129475042	-83.637089701524332	-0.142085548841035	0.136391287629527	0.0607647502363512	-136.57865899137434	0	0	0	1
..\bite-us\group1\02\post\sweep_2v\2d\2v.2dus.00196sm.png	196	0.136975366992402	0.152683804865705	-0.02018577372912	158.32913139613876	-0.0584355499439167	0.0265349581693338	-0.195852388725202	-83.699108003687627	-0.1424794255466	0.135909937331097	0.0609205220661758	-136.49156445827489	0	0	0	1
..\bite-us\group1\02\post\sweep_2v\2d\2v.2dus.00197sm.png	197	0.136849758820608	0.152813192755718	-0.0200584886357669	158.30099741217703	-0.058703399439118	0.0268843274297192	-0.195724611357411	-83.978027961161388	-0.142490019892879	0.135695690414675	0.0613715502644773	-136.11544755929296	0	0	0	1
..\bite-us\group1\02\post\sweep_2v\2d\2v.2dus.00198sm.png	198	0.136703098332213	0.152973817059839	-0.019833274318877	158.2504508542865	-0.058921278003589	0.0272987137641509	-0.195601757527754	-84.239867716695713	-0.142540861751421	0.135431720286001	0.0618346773345851	-135.96776102907384	0	0	0	1
..\bite-us\group1\02\post\sweep_2v\2d\2v.2dus.00199sm.png	199	0.136666812751635	0.153066747480993	-0.0193609560957537	158.26417146081636	-0.0588116087990344	0.0277783036355043	-0.195567251239961	-84.460656491036275	-0.142620925276831	0.135229050138582	0.0620929727161662	-136.01800184947896	0	0	0	1
..\bite-us\group1\02\post\sweep_2v\2d\2v.2dus.00200sm.png	200	0.136562908438285	0.153240393680433	-0.0187099753620615	158.13527979826122	-0.05875130841118	0.0284945478090661	-0.195482330366424	-85.031065270305689	-0.142745252680751	0.134882918964865	0.0625582047032164	-135.74725525301227	0	0	0	1
..\bite-us\group1\02\post\sweep_2v\2d\2v.2dus.00201sm.png	201	0.136339573173609	0.15347354082276	-0.0184261119476932	158.05731753472301	-0.0589801422337991	0.028946995496132	-0.19534691385212	-85.390564129873667	-0.142864323653456	0.134521013442998	0.063063422727993	-135.61619752366491	0	0	0	1
..\bite-us\group1\02\post\sweep_2v\2d\2v.2dus.00202sm.png	202	0.13620589977284	0.153620413354192	-0.0181896212983298	157.97796476369047	-0.0592980729785087	0.0294714416078841	-0.19517218493008	-85.77704051995282	-0.142860221097921	0.134239197215641	0.0636701621316304	-135.44069856710539	0	0	0	1
..\bite-us\group1\02\post\sweep_2v\2d\2v.2dus.00203sm.png	203	0.136345244380202	0.153538697800508	-0.01783195092033	158.07379686621525	-0.0593822026479301	0.0300842853967797	-0.195053085863686	-86.304034067203204	-0.14269225524752	0.134196733896728	0.064134615151686	-135.49526678373715	0	0	0	1
..\bite-us\group1\02\post\sweep_2v\2d\2v.2dus.00204sm.png	204	0.136197656824244	0.153709936719703	-0.0174815372213314	157.99196475382982	-0.0596167123203569	0.0306647831382944	-0.194891104791728	-86.554809681011164	-0.142735409943496	0.133868912624873	0.0647208372061523	-135.27307803055939	0	0	0	1
..\bite-us\group1\02\post\sweep_2v\2d\2v.2dus.00205sm.png	205	0.1361370528704	0.153820135008827	-0.0169773357666319	158.04039222255761	-0.0601635094420838	0.0317806809985487	-0.194544030190324	-87.085251161450401	-0.142563692191997	0.133481510778813	0.0658887245801559	-135.01072953374663	0	0	0	1
..\bite-us\group1\02\post\sweep_2v\2d\2v.2dus.00206sm.png	206	0.136185034639111	0.153844974202967	-0.0163562100793621	158.15614553766414	-0.060277416460562	0.0327007791191357	-0.194356229014738	-87.395445176685996	-0.142469718779903	0.133230410553107	0.0665962782311199	-135.06607734125581	0	0	0	1
..\bite-us\group1\02\post\sweep_2v\2d\2v.2dus.00207sm.png	207	0.136027623259724	0.154037331572129	-0.0158482973184411	158.21435152427026	-0.060885842657954	0.0338159634918383	-0.193975418769901	-87.930155492048527	-0.142361340391912	0.132728822920706	0.0678181540914675	-134.47917097579577	0	0	0	1
..\bite-us\group1\02\post\sweep_2v\2d\2v.2dus.00208sm.png	208	0.135850191070203	0.154223201399138	-0.0155604539441633	158.14185326164684	-0.0617247381372651	0.0348517235256897	-0.193526481763264	-88.257401366703888	-0.142169383666512	0.132244171350383	0.0691542245174577	-134.2738130268649	0	0	0	1
..\bite-us\group1\02\post\sweep_2v\2d\2v.2dus.00209sm.png	209	0.135742461875306	0.154341894418979	-0.0153222677077039	158.21914220834242	-0.0620552235845022	0.0353915241060197	-0.193322743357557	-88.507905939640082	-0.142128408961576	0.131962036159167	0.0697744842490985	-134.03283696834211	0	0	0	1
..\bite-us\group1\02\post\sweep_2v\2d\2v.2dus.00210sm.png	210	0.135686627205695	0.154413509557676	-0.0150937731872287	158.16390383949877	-0.0621897830048013	0.0357680826736612	-0.193210183520897	-88.771334581451853	-0.142122909664132	0.131776597567972	0.0701351312397723	-133.8879217417354	0	0	0	1
..\bite-us\group1\02\post\sweep_2v\2d\2v.2dus.00211sm.png	211	0.135832504720172	0.154315211262778	-0.0147835878786633	158.21513735657535	-0.0622099314831723	0.0362653767897297	-0.1931109899506	-89.113220455963983	-0.14197466834032	0.131755824758842	0.0704735746855472	-134.04008340918148	0	0	0	1
..\bite-us\group1\02\post\sweep_2v\2d\2v.2dus.00212sm.png	212	0.1358778229748	0.15430332962545	-0.0144882075043742	158.24537707241447	-0.0623740451072659	0.0368155100374676	-0.192953914960764	-89.671990232553782	-0.14185925096597	0.131617096252122	0.0709634566791288	-133.68878985254818	0	0	0	1
..\bite-us\group1\02\post\sweep_2v\2d\2v.2dus.00213sm.png	213	0.136024220318054	0.15420198282807	-0.0141901966522279	158.33587397807509	-0.0625129462609115	0.0374091411947376	-0.192794746082076	-90.164102183055093	-0.141657666226316	0.131568476412944	0.0714545858664441	-133.70492137474912	0	0	0	1
..\bite-us\group1\02\post\sweep_2v\2d\2v.2dus.00214sm.png	214	0.136167262638611	0.154117091599083	-0.0137330086373891	158.31972079309787	-0.0622654011641082	0.037841453229024	-0.192790500523382	-90.447119748292707	-0.141629261691999	0.131544311291728	0.0715553004391396	-134.01385788257801	0	0	0	1
..\bite-us\group1\02\post\sweep_2v\2d\2v.2dus.00215sm.png	215	0.136300222253666	0.154015169346609	-0.0135560546274831	158.45588349132686	-0.0625950442344777	0.0384536960576403	-0.192562502833919	-90.955891236356422	-0.141355796538117	0.131486121736484	0.0722000659591108	-133.80628302420402	0	0	0	1
..\bite-us\group1\02\post\sweep_2v\2d\2v.2dus.00216sm.png	216	0.136363593814904	0.153974210940973	-0.013382814507137	158.64881506732829	-0.0628780009513565	0.0389741808398112	-0.19236559858262	-91.250759893274122	-0.141168971953066	0.131380801229213	0.0727551400042926	-133.63395726891969	0	0	0	1
..\bite-us\group1\02\post\sweep_2v\2d\2v.2dus.00217sm.png	217	0.136399482324863	0.153964993935554	-0.0131205663596789	158.73249476631801	-0.0629187277901314	0.039362881176324	-0.192273132133593	-91.564338552393949	-0.141116144642706	0.131275677741854	0.0730467455617646	-133.61457333257076	0	0	0	1
..\bite-us\group1\02\post\sweep_2v\2d\2v.2dus.00218sm.png	218	0.136215518117564	0.154168267786389	-0.0126365763523895	158.69076095684298	-0.0630089534320115	0.0399314219408183	-0.192126321777658	-91.968916460069082	-0.141253515975379	0.130864762591724	0.0735168488001521	-133.43362965729119	0	0	0	1
..\bite-us\group1\02\post\sweep_2v\2d\2v.2dus.00219sm.png	219	0.136285711881316	0.154126044722767	-0.0123923353632003	158.77473883055987	-0.0632584516196936	0.0405126603419599	-0.191922572393406	-92.362826188357374	-0.141074180485737	0.13073578710052	0.0740883922714614	-133.34518231363413	0	0	0	1
..\bite-us\group1\02\post\sweep_2v\2d\2v.2dus.00220sm.png	220	0.136417239669172	0.154033405355235	-0.0120931221991119	158.96456642821653	-0.0634130128450309	0.0411149472323191	-0.191743431042758	-92.901067993789923	-0.14087752797022	0.130656919018524	0.0745999107684092	-132.80636677299492	0	0	0	1
..\bite-us\group1\02\post\sweep_2v\2d\2v.2dus.00221sm.png	221	0.136380130705583	0.154093723888313	-0.0117382793586778	159.11133107454759	-0.0637118048203894	0.0418087293934568	-0.191494235146548	-93.230846591506776	-0.14077861073081	0.130365308818707	0.0752934548454401	-132.78813469162117	0	0	0	1
..\bite-us\group1\02\post\sweep_2v\2d\2v.2dus.00222sm.png	222	0.136306858602425	0.154189431748735	-0.0113257049072088	159.04151129060111	-0.0638068647196707	0.0423603040628708	-0.191341331907663	-93.644328725543332	-0.140806518587119	0.130073760287627	0.0757440212253247	-132.69705834828079	0	0	0	1
..\bite-us\group1\02\post\sweep_2v\2d\2v.2dus.00223sm.png	223	0.136230608243952	0.154277535545471	-0.0110400917129258	158.94443117479821	-0.0638000324104817	0.0426574121070018	-0.191277608022306	-93.757732646803404	-0.140883386550526	0.129872039165515	0.0759468675026272	-132.52065092056657	0	0	0	1
..\bite-us\group1\02\post\sweep_2v\2d\2v.2dus.00224sm.png	224	0.136318268756942	0.154206156461102	-0.0109547196327086	158.98740145906913	-0.0637163650433175	0.0427447780340134	-0.191285996586767	-93.895891115096688	-0.140836450511994	0.129928074714346	0.0759381015485798	-132.68909221983571	0	0	0	1
..\bite-us\group1\02\post\sweep_2v\2d\2v.2dus.00225sm.png	225	0.136382822126436	0.15416037877404	-0.0107942335233801	158.9978254165492	-0.0637193214737078	0.0429898735240135	-0.191230089879669	-94.215599933032735	-0.140772601253936	0.129901530896651	0.0761017140837362	-132.53545752114954	0	0	0	1
..\bite-us\group1\02\post\sweep_2v\2d\2v.2dus.00226sm.png	226	0.136279316270121	0.154269609613405	-0.0105383653753419	159.02537463203291	-0.0637741942254013	0.0432882558537768	-0.191144483089319	-94.40802756205089	-0.140847972906569	0.129672563765529	0.076352230346986	-132.56974156316448	0	0	0	1
..\bite-us\group1\02\post\sweep_2v\2d\2v.2dus.00227sm.png	227	0.136333702380586	0.154250829741978	-0.0101007459394119	159.07607583445318	-0.0637709656364248	0.0438641137444193	-0.191014264137348	-95.054541562228877	-0.140796792935919	0.129501275623013	0.0767362982346764	-132.42522144198762	0	0	0	1
..\bite-us\group1\02\post\sweep_2v\2d\2v.2dus.00228sm.png	228	0.136652692433349	0.153995296598232	-0.00967956197670641	159.18287319686743	-0.0637320228332672	0.0445664272770124	-0.190864670275953	-95.812707439457171	-0.140504883475048	0.129565587730867	0.0771616313955131	-132.20451932533646	0	0	0	1
..\bite-us\group1\02\post\sweep_2v\2d\2v.2dus.00229sm.png	229	0.136713100616862	0.153956226205035	-0.00944510867142527	159.22462784837876	-0.06373947201456	0.0449051211249713	-0.190782798520502	-96.13387111245153	-0.140442725660923	0.129495057234303	0.0773928120053574	-132.26186240768746	0	0	0	1
..\bite-us\group1\02\post\sweep_2v\2d\2v.2dus.00230sm.png	230	0.136746156698186	0.153949184945339	-0.00907411703295085	159.20376378566948	-0.0636038174765198	0.0452625131807674	-0.190743630594805	-96.328435463456813	-0.140472041327551	0.129378949964383	0.0775336148184211	-132.26688673411545	0	0	0	1
..\bite-us\group1\02\post\sweep_2v\2d\2v.2dus.00231sm.png	231	0.136902153333076	0.153827807163624	-0.00877498759388572	159.29348716520656	-0.0635474761666442	0.0456883144175025	-0.190660898258125	-96.64235409867284	-0.14034553804684	0.12937365654405	0.077771171441339	-132.21443554245383	0	0	0	1
..\bite-us\group1\02\post\sweep_2v\2d\2v.2dus.00232sm.png	232	0.13697615852333	0.153774804488753	-0.00854590848226092	159.33000324797999	-0.0637134711693958	0.0461762672137323	-0.190487896048905	-96.983290589795303	-0.140197991967712	0.129263379150135	0.0782193233561924	-132.2260801628708	0	0	0	1
..\bite-us\group1\02\post\sweep_2v\2d\2v.2dus.00233sm.png	233	0.137198957219187	0.153597371402478	-0.00815306379694268	159.48461480352117	-0.0634234698928505	0.046549947496066	-0.190493741318109	-97.339205653630202	-0.140111601834961	0.129340284617834	0.078247017250362	-132.31576313153107	0	0	0	1
..\bite-us\group1\02\post\sweep_2v\2d\2v.2dus.00234sm.png	234	0.137149503585606	0.153665822845365	-0.00768210016224385	159.50993489132804	-0.0634033206715574	0.0470809773424785	-0.190369933028825	-97.741191453353451	-0.140169126265673	0.129066478221084	0.0785952134351959	-132.16851995432032	0	0	0	1
..\bite-us\group1\02\post\sweep_2v\2d\2v.2dus.00235sm.png	235	0.137072026955741	0.153753426431809	-0.00730327429537108	159.49388511795055	-0.0635374900482705	0.0476194902916506	-0.190191205017317	-98.263430715850802	-0.140184157980319	0.128764231615388	0.0790626419862985	-131.81409542945826	0	0	0	1
..\bite-us\group1\02\post\sweep_2v\2d\2v.2dus.00236sm.png	236	0.137064085518679	0.153771381445661	-0.00707075748351411	159.45683166064984	-0.063510770963974	0.047877046498552	-0.190135475128589	-98.602580432658556	-0.140204029173666	0.128647230850603	0.0792176692756179	-131.73843389447583	0	0	0	1
..\bite-us\group1\02\post\sweep_2v\2d\2v.2dus.00237sm.png	237	0.1372828341733	0.153586251587182	-0.00684617672970095	159.66442557631004	-0.0634679002976717	0.0482687748606063	-0.190050751165021	-98.910094686261289	-0.140009286967656	0.128721979613098	0.0794403895069944	-131.74240984096781	0	0	0	1
..\bite-us\group1\02\post\sweep_2v\2d\2v.2dus.00238sm.png	238	0.137311065801427	0.153578743547273	-0.00643624405228338	159.74887753033894	-0.0636008043987397	0.0489178934908342	-0.1898402731155	-99.419301598916661	-0.139921264475239	0.128485674553702	0.0799761158419061	-131.5085072478926	0	0	0	1
..\bite-us\group1\02\post\sweep_2v\2d\2v.2dus.00239sm.png	239	0.137472893019415	0.153445048011202	-0.00616410001639751	159.83513194507375	-0.0636446700692595	0.0494093981895071	-0.189698261803401	-100.07437595832218	-0.139742302187591	0.128457339027595	0.0803337225515073	-131.40312999147943	0	0	0	1
..\bite-us\group1\02\post\sweep_2v\2d\2v.2dus.00240sm.png	240	0.137509877360844	0.153437038892122	-0.00550327903691764	159.78910312284407	-0.063290801750816	0.0499279159973188	-0.18968092039092	-100.55936244534463	-0.139866577158322	0.128266276311592	0.0804226087535184	-131.49946838143606	0	0	0	1
..\bite-us\group1\02\post\sweep_2v\2d\2v.2dus.00241sm.png	241	0.137812864520891	0.153176595422762	-0.00516753900050809	159.93755973034794	-0.0630472857899374	0.0503356319320675	-0.189654281556587	-100.90000195108992	-0.139678221248372	0.128418122207696	0.0805076621642879	-131.74502120503894	0	0	0	1
..\bite-us\group1\02\post\sweep_2v\2d\2v.2dus.00242sm.png	242	0.137839503444057	0.153158566094123	-0.00498826093201207	160.00161487682809	-0.0630977787976123	0.0506230722573069	-0.189560977882028	-101.16345653881645	-0.139629126492805	0.128326604902816	0.0807383834152602	-131.74023823089806	0	0	0	1
..\bite-us\group1\02\post\sweep_2v\2d\2v.2dus.00243sm.png	243	0.137862477551561	0.15314470084832	-0.00477446689661548	159.98975977861926	-0.0630070867145771	0.0508208666108694	-0.189538229278237	-101.43036806886505	-0.139647397652543	0.128264958026962	0.0808046888933419	-131.66488158728569	0	0	0	1
..\bite-us\group1\02\post\sweep_2v\2d\2v.2dus.00244sm.png	244	0.138177211687604	0.152869044629021	-0.00450008238013445	160.13950739935251	-0.0627597482492167	0.0511591824898514	-0.189529293370966	-101.87846819048815	-0.139447565536206	0.128459147513286	0.0808413870001041	-131.93977801694857	0	0	0	1
..\bite-us\group1\02\post\sweep_2v\2d\2v.2dus.00245sm.png	245	0.138510680145216	0.152572806945426	-0.0042948035718498	160.41545696323288	-0.0623220635370367	0.0512499560555857	-0.189649160635425	-102.20021924637031	-0.139312968693641	0.128774764312555	0.0805709884001952	-132.23732680423515	0	0	0	1
..\bite-us\group1\02\post\sweep_2v\2d\2v.2dus.00246sm.png	246	0.138386414808491	0.152686654552884	-0.00425558182183014	160.32567732084752	-0.0625571842065181	0.0514263842849383	-0.18952396257412	-102.4342790781982	-0.139331081473749	0.128569327055429	0.0808671210863074	-132.07738462439269	0	0	0	1
..\bite-us\group1\02\post\sweep_2v\2d\2v.2dus.00247sm.png	247	0.138451378556987	0.152630446186929	-0.00415728157652053	160.45661819354282	-0.0627409233567901	0.051764926994875	-0.189371022744812	-102.55400347346261	-0.139183848474052	0.12850018898295	0.0812297137364378	-132.06933688115123	0	0	0	1
..\bite-us\group1\02\post\sweep_2v\2d\2v.2dus.00248sm.png	248	0.13837150769132	0.152709332065901	-0.00391321175252606	160.51910316639453	-0.0629331772572625	0.0521869579782815	-0.189191339196054	-102.6645806411517	-0.139176479419395	0.12823548906453	0.0816593998643746	-131.84853859475319	0	0	0	1
