C:\downloads\data\MNI\bite-us\group1\02\post\sweep_2v\2d\2v.2dus.00001sm.png	1	 -0.286579845018077	 0.568398176267565	 0.771211769149577  197.882789497906 	 -0.92816557848558	 -0.36422620181013	 -0.0764650158847301	 47.2592410155106 	 0.237446101976731 	 -0.737741680488959 	 0.631969547107239 	 -42.5393494364522 	0	0	0	1
C:\downloads\data\MNI\bite-us\group1\02\post\sweep_2v\2d\2v.2dus.00002sm.png	2	 -0.28611561386049	 0.569467754503329	 0.770594844813825  198.07896724476 	 -0.928333040350515	 -0.363953922768871	 -0.0757249385645524	 47.1406943100972 	 0.237351262265034 	 -0.737050892871101 	 0.632810650057149 	 -42.3983176675318 	0	0	0	1
C:\downloads\data\MNI\bite-us\group1\02\post\sweep_2v\2d\2v.2dus.00003sm.png	3	 -0.285574918770736	 0.569901943129589	 0.770474415620222  198.194329350594 	 -0.928364601471078	 -0.364062226664228	 -0.0748118036819376	 46.9608180919743 	 0.23787839856644 	 -0.736661706846096 	 0.63306584879026 	 -42.2648212324354 	0	0	0	1
C:\downloads\data\MNI\bite-us\group1\02\post\sweep_2v\2d\2v.2dus.00004sm.png	4	 -0.285419392180634	 0.570970349537135	 0.76974067556265  198.357293691267 	 -0.928741276645958	 -0.363043784148894	 -0.0750853485843142	 46.7904352776566 	 0.236591233187693 	 -0.736336927459362 	 0.633925455248744 	 -42.1444981888391 	0	0	0	1
C:\downloads\data\MNI\bite-us\group1\02\post\sweep_2v\2d\2v.2dus.00005sm.png	5	 -0.285487565213306	 0.571033619675522	 0.769668455445385  198.418621343391 	 -0.928586023340624	 -0.36351188259174	 -0.0747399279838975	 46.6684640146131 	 0.237117792173055 	 -0.736056870367284 	 0.63405395027338 	 -42.0918010154463 	0	0	0	1
C:\downloads\data\MNI\bite-us\group1\02\post\sweep_2v\2d\2v.2dus.00006sm.png	6	 -0.28484563447569	 0.570483120336245	 0.770314260539561  198.345528845071 	 -0.92865474455834	 -0.363438078628551	 -0.0742433193137172	 46.6845638672895 	 0.237620137886978 	 -0.736520042099472 	 0.633327616282971 	 -42.026153833722 	0	0	0	1
C:\downloads\data\MNI\bite-us\group1\02\post\sweep_2v\2d\2v.2dus.00007sm.png	7	 -0.284943166388925	 0.570133327393892	 0.770537130114707  198.279007094387 	 -0.928533691302916	 -0.363750233112826	 -0.0742286393236399	 46.7419993588249 	 0.237975998881471 	 -0.736636787640377 	 0.633058164957022 	 -42.032524780032 	0	0	0	1
C:\downloads\data\MNI\bite-us\group1\02\post\sweep_2v\2d\2v.2dus.00008sm.png	8	 -0.283619933568513	 0.571060737884536	 0.770338535613654  198.387298683756 	 -0.929193371930256	 -0.362186653337197	 -0.0736169190957172	 46.6113462207367 	 0.236979768848469 	 -0.736688850052158 	 0.63337121009047 	 -41.544919013071 	0	0	0	1
C:\downloads\data\MNI\bite-us\group1\02\post\sweep_2v\2d\2v.2dus.00009sm.png	9	 -0.283062092082798	 0.570981174683517	 0.77060265272758  198.464939884628 	 -0.92897921925274	 -0.363006193839625	 -0.0722705448150849	 46.4988855342182 	 0.238481576274308 	 -0.736347065853528 	 0.633204958888785 	 -41.5339253639495 	0	0	0	1
C:\downloads\data\MNI\bite-us\group1\02\post\sweep_2v\2d\2v.2dus.00010sm.png	10	 -0.282080587573213	 0.570646547114024	 0.771210198479313  198.376631756006 	 -0.92911711790771	 -0.362831692359855	 -0.0713684194280104	 46.5508071897727 	 0.239106510419982 	 -0.736692392580598 	 0.632567291653502 	 -41.2054887234573 	0	0	0	1
C:\downloads\data\MNI\bite-us\group1\02\post\sweep_2v\2d\2v.2dus.00011sm.png	11	 -0.282624884662421	 0.570779763879312	 0.770912277445034  198.409586941641 	 -0.928878056491609	 -0.363424776111705	 -0.0714625155181432	 46.5550994121386 	 0.239392419967558 	 -0.736296742661567 	 0.632919717942434 	 -41.4289132605884 	0	0	0	1
C:\downloads\data\MNI\bite-us\group1\02\post\sweep_2v\2d\2v.2dus.00012sm.png	12	 -0.281914048380447	 0.571050359376402	 0.77097215547527  198.490331204581 	 -0.928926337144422	 -0.363502274509287	 -0.0704332602236099	 46.4049087764933 	 0.240042349357765 	 -0.736048628476854 	 0.632962156322232 	 -41.3159509464275 	0	0	0	1
C:\downloads\data\MNI\bite-us\group1\02\post\sweep_2v\2d\2v.2dus.00013sm.png	13	 -0.281130196717953	 0.571082855938462	 0.771234270008767  198.511094397975 	 -0.929306518916456	 -0.36255739117231	 -0.0702881660333804	 46.4949852403418 	 0.239489470316972 	 -0.736489314083714 	 0.632658892674171 	 -41.0176180122091 	0	0	0	1
C:\downloads\data\MNI\bite-us\group1\02\post\sweep_2v\2d\2v.2dus.00014sm.png	14	 -0.281097992455136	 0.569992605029774	 0.772052118137728  198.307282461707 	 -0.929146257963797	 -0.362959458695065	 -0.0703317411921532	 46.7433560507106 	 0.240148183315148 	 -0.737135578815158 	 0.631655739354854 	 -40.9916075903851 	0	0	0	1
C:\downloads\data\MNI\bite-us\group1\02\post\sweep_2v\2d\2v.2dus.00015sm.png	15	 -0.280346739962413	 0.57043914223248	 0.771995477969409  198.411675231322 	 -0.92909164501597	 -0.36337427059418	 -0.0688964557408774	 46.668410532818 	 0.241235197585189 	 -0.736585585305075 	 0.63188310657995 	 -40.7482612799028 	0	0	0	1
C:\downloads\data\MNI\bite-us\group1\02\post\sweep_2v\2d\2v.2dus.00016sm.png	16	 -0.278305750525015	 0.570837308852477	 0.77243952485939  198.526580404091 	 -0.929708542338131	 -0.362075324652094	 -0.0673969075129851	 46.7349318208913 	 0.241221755918109 	 -0.736916702280619 	 0.63150204852612 	 -40.0827339748248 	0	0	0	1
C:\downloads\data\MNI\bite-us\group1\02\post\sweep_2v\2d\2v.2dus.00017sm.png	17	 -0.277319318796632	 0.571348801364992	 0.772416138656526  198.658886277656 	 -0.930220379972404	 -0.360816051436338	 -0.0670871545599017	 46.7154136212235 	 0.24038311110843 	 -0.737137927530986 	 0.631563632927038 	 -39.6790966461708 	0	0	0	1
C:\downloads\data\MNI\bite-us\group1\02\post\sweep_2v\2d\2v.2dus.00018sm.png	18	 -0.276748880600907	 0.571340750165777	 0.772626661754056  198.629010276041 	 -0.930566962400312	 -0.35990297266409	 -0.0671852146935771	 46.7942868016518 	 0.239698113416023 	 -0.737590399522363 	 0.631295642685234 	 -39.3631291483189 	0	0	0	1
C:\downloads\data\MNI\bite-us\group1\02\post\sweep_2v\2d\2v.2dus.00019sm.png	19	 -0.275859277540557	 0.57150720433228	 0.772821671351889  198.6966735239 	 -0.930982616260909	 -0.358874360650512	 -0.0669286296484795	 46.7726193543966 	 0.239108818772533 	 -0.737962538794476 	 0.631084164610593 	 -39.0198311527837 	0	0	0	1
C:\downloads\data\MNI\bite-us\group1\02\post\sweep_2v\2d\2v.2dus.00020sm.png	20	 -0.274997118359039	 0.572020939817827	 0.772748856139387  198.7565897403 	 -0.931048551938339	 -0.358943059381934	 -0.0656302875430266	 46.6009378901453 	 0.239844071904531 	 -0.737530965133985 	 0.631309647235244 	 -38.7187308335256 	0	0	0	1
C:\downloads\data\MNI\bite-us\group1\02\post\sweep_2v\2d\2v.2dus.00021sm.png	21	 -0.273258712637901	 0.572818125435272	 0.772775029846745  198.920624069204 	 -0.931454923711	 -0.358208842246285	 -0.0638513260171381	 46.4710040405902 	 0.240252785752865 	 -0.737269164219823 	 0.63146002360499 	 -38.2197357437911 	0	0	0	1
C:\downloads\data\MNI\bite-us\group1\02\post\sweep_2v\2d\2v.2dus.00022sm.png	22	 -0.271654700624835	 0.573485961492977	 0.772845237662829  199.144611087753 	 -0.931773403727491	 -0.35768779262429	 -0.0621014307822631	 46.3544331416432 	 0.240836142915712 	 -0.737002913819232 	 0.631548613264792 	 -37.5594796413492 	0	0	0	1
C:\downloads\data\MNI\bite-us\group1\02\post\sweep_2v\2d\2v.2dus.00023sm.png	23	 -0.270588337946381	 0.575349576706365	 0.771833529284317  199.618521518191 	 -0.932367241641723	 -0.356277275743275	 -0.0612915219536202	 45.7283273348374 	 0.239735850637363 	 -0.73623322892461 	 0.632863612802256 	 -36.931861124017 	0	0	0	1
C:\downloads\data\MNI\bite-us\group1\02\post\sweep_2v\2d\2v.2dus.00024sm.png	24	 -0.26920816400701	 0.575723834888958	 0.772037059930099  199.796570867751 	 -0.932477014556848	 -0.356300895864545	 -0.059456564089834	 45.5120223767263 	 0.240860087509582 	 -0.735929166120541 	 0.632790403752396 	 -36.5753038942975 	0	0	0	1
C:\downloads\data\MNI\bite-us\group1\02\post\sweep_2v\2d\2v.2dus.00025sm.png	25	 -0.268563180613264	 0.575843411561073	 0.772172506848874  199.732447632442 	 -0.93238101005113	 -0.35675243106827	 -0.058241973196324	 45.5509518249598 	 0.241949313111078 	 -0.735616794457946 	 0.632738091333945 	 -36.3347879744369 	0	0	0	1
C:\downloads\data\MNI\bite-us\group1\02\post\sweep_2v\2d\2v.2dus.00026sm.png	26	 -0.268502008938881	 0.576485232015685	 0.771714740578273  199.904181595986 	 -0.932429950847906	 -0.356665952122535	 -0.0579875400080513	 45.4162863971836 	 0.241828571425206 	 -0.735155885417744 	 0.633319669975616 	 -36.3343895279196 	0	0	0	1
C:\downloads\data\MNI\bite-us\group1\02\post\sweep_2v\2d\2v.2dus.00027sm.png	27	 -0.267178007550739	 0.576584212411904	 0.772100228603335  200.086615076646 	 -0.932644163896688	 -0.356321359030941	 -0.0566454355355085	 45.2358726340618 	 0.242468092397052 	 -0.735245357071834 	 0.63297119336007 	 -35.9905212315972 	0	0	0	1
C:\downloads\data\MNI\bite-us\group1\02\post\sweep_2v\2d\2v.2dus.00028sm.png	28	 -0.266158981396628	 0.577592200863896	 0.771698680126138  200.372286093975 	 -0.932574806472994	 -0.356825332978672	 -0.0545768289630658	 44.9105305215684 	 0.243851649479285 	 -0.734209051460046 	 0.633642262504572 	 -35.5663791564563 	0	0	0	1
C:\downloads\data\MNI\bite-us\group1\02\post\sweep_2v\2d\2v.2dus.00029sm.png	29	 -0.265387078725211	 0.578506955516175	 0.771279202412617  200.728277618962 	 -0.932759449487635	 -0.356496606807245	 -0.0535601041150574	 44.6481407085682 	 0.243986696025057 	 -0.73364832975638 	 0.634239471471889 	 -35.4303809461959 	0	0	0	1
C:\downloads\data\MNI\bite-us\group1\02\post\sweep_2v\2d\2v.2dus.00030sm.png	30	 -0.264677355933071	 0.577232527891383	 0.77247700977832  200.45262250863 	 -0.932408450654177	 -0.357606168174849	 -0.0522588507204837	 45.0488668345289 	 0.246090183479463 	 -0.734112005914237 	 0.632888838490078 	 -35.2251377885835 	0	0	0	1
C:\downloads\data\MNI\bite-us\group1\02\post\sweep_2v\2d\2v.2dus.00031sm.png	31	 -0.26339461731504	 0.578130791823512	 0.772243674936221  200.686133604258 	 -0.933215571829474	 -0.355509899799775	 -0.0521545890091942	 44.8455829577147 	 0.244401252174476 	 -0.734423242204298 	 0.633182126537288 	 -34.7147790281916 	0	0	0	1
C:\downloads\data\MNI\bite-us\group1\02\post\sweep_2v\2d\2v.2dus.00032sm.png	32	 -0.26209819645487	 0.578661435932497	 0.772287328196926  200.893197715954 	 -0.933683099705474	 -0.354400495393161	 -0.0513307765901217	 44.6556811837752 	 0.244009025938556 	 -0.734541511032305 	 0.633196205043199 	 -34.5179497552201 	0	0	0	1
C:\downloads\data\MNI\bite-us\group1\02\post\sweep_2v\2d\2v.2dus.00033sm.png	33	 -0.261421981875069	 0.578947931216261	 0.772301809055881  200.877509656407 	 -0.933632646522498	 -0.354704284641548	 -0.0501360360004632	 44.6625566741309 	 0.244925761690981 	 -0.73416902917335 	 0.633274264140881 	 -34.1563197663176 	0	0	0	1
C:\downloads\data\MNI\bite-us\group1\02\post\sweep_2v\2d\2v.2dus.00034sm.png	34	 -0.260217426374498	 0.579378625106882	 0.772385624323324  201.000282746469 	 -0.93390894954297	 -0.354135682885688	 -0.0489964293232096	 44.4998942813059 	 0.245154981541429 	 -0.734103757568606 	 0.63326123934143 	 -33.6816702922849 	0	0	0	1
C:\downloads\data\MNI\bite-us\group1\02\post\sweep_2v\2d\2v.2dus.00035sm.png	35	 -0.258195061593668	 0.580283256426507	 0.772385214171164  201.243911853237 	 -0.934437595573285	 -0.352986379892963	 -0.0471766438709551	 44.1991568581623 	 0.245278800852949 	 -0.733942748394661 	 0.633399909380194 	 -33.0216463590589 	0	0	0	1
C:\downloads\data\MNI\bite-us\group1\02\post\sweep_2v\2d\2v.2dus.00036sm.png	36	 -0.257488583885843	 0.581195626874078	 0.771934931901395  201.424963793713 	 -0.934550508046427	 -0.352831470573764	 -0.0460860759014465	 44.0223452186119 	 0.245591076952378 	 -0.733295027035642 	 0.634028812056987 	 -32.6455521387339 	0	0	0	1
C:\downloads\data\MNI\bite-us\group1\02\post\sweep_2v\2d\2v.2dus.00037sm.png	37	 -0.257067731961197	 0.582655426608453	 0.770974120489812  201.815163028244 	 -0.934906382259511	 -0.351929213217356	 -0.0457658463880535	 43.4945369793527 	 0.244675780564321 	 -0.732569780108308 	 0.635219956266604 	 -32.31023502438 	0	0	0	1
C:\downloads\data\MNI\bite-us\group1\02\post\sweep_2v\2d\2v.2dus.00038sm.png	38	 -0.256033986065954	 0.583564765531108	 0.770630278101771  202.020291406185 	 -0.935188184734373	 -0.351320560850408	 -0.0446714496017948	 43.3060805967324 	 0.244682768319321 	 -0.732137984231373 	 0.635714901558286 	 -31.8043242959045 	0	0	0	1
C:\downloads\data\MNI\bite-us\group1\02\post\sweep_2v\2d\2v.2dus.00039sm.png	39	 -0.254522691138405	 0.584655047685965	 0.770304449816831  202.25773126408 	 -0.935683362072937	 -0.3501590864895	 -0.0434035223771576	 43.0334312054138 	 0.244366212139792 	 -0.731824493553039 	 0.636197444853124 	 -31.1815834857231 	0	0	0	1
C:\downloads\data\MNI\bite-us\group1\02\post\sweep_2v\2d\2v.2dus.00040sm.png	40	 -0.253573635486512	 0.585032518186873	 0.77033086502696  202.484711778531 	 -0.935772329947795	 -0.350071615950855	 -0.0421734275894963	 42.809025306543 	 0.245011342370571 	 -0.731564635811138 	 0.636248190875361 	 -30.8196386749354 	0	0	0	1
C:\downloads\data\MNI\bite-us\group1\02\post\sweep_2v\2d\2v.2dus.00041sm.png	41	 -0.253146007071787	 0.585806418306399	 0.76988324798174  202.550879209746 	 -0.935947949283871	 -0.34965881205175	 -0.0416981430803997	 42.6746361070735 	 0.244782628744212 	 -0.73114263685384 	 0.636821049699783 	 -30.6160279758642 	0	0	0	1
C:\downloads\data\MNI\bite-us\group1\02\post\sweep_2v\2d\2v.2dus.00042sm.png	42	 -0.252207376200196	 0.587721031171195	 0.768731227792304  202.986715490364 	 -0.936372109728122	 -0.348643700529578	 -0.040662242309078	 42.091773732947 	 0.244128473377276 	 -0.730090103754399 	 0.638278059678801 	 -30.2457883139592 	0	0	0	1
C:\downloads\data\MNI\bite-us\group1\02\post\sweep_2v\2d\2v.2dus.00043sm.png	43	 -0.25067943446692	 0.588357705713047	 0.768743984890461  203.100698732708 	 -0.93656367206398	 -0.348340510999035	 -0.0388062674586711	 42.0421398729558 	 0.244965934989702 	 -0.729721932331084 	 0.638378225897987 	 -29.7818708817801 	0	0	0	1
C:\downloads\data\MNI\bite-us\group1\02\post\sweep_2v\2d\2v.2dus.00044sm.png	44	 -0.249717572129191	 0.588450080864698	 0.768986299641968  203.202832874598 	 -0.936716709793738	 -0.348032306998295	 -0.0378663001974829	 42.0413034698798 	 0.24536287364452 	 -0.729794502319506 	 0.638142785176098 	 -29.5563703456261 	0	0	0	1
C:\downloads\data\MNI\bite-us\group1\02\post\sweep_2v\2d\2v.2dus.00045sm.png	45	 -0.248558598533631	 0.588610848940763	 0.769238711515297  203.159865262685 	 -0.937153044455532	 -0.346909483997956	 -0.0373700372684861	 42.1007929396211 	 0.244873016812235 	 -0.73019934156469 	 0.637867764525562 	 -29.102653804553 	0	0	0	1
C:\downloads\data\MNI\bite-us\group1\02\post\sweep_2v\2d\2v.2dus.00046sm.png	46	 -0.246882614192508	 0.59007233232312	 0.768658525144876  203.405057577959 	 -0.937639904167428	 -0.345764753062181	 -0.0357304826362395	 41.811125997401 	 0.244704689212057 	 -0.729562456659197 	 0.63866063314775 	 -28.4192782396622 	0	0	0	1
C:\downloads\data\MNI\bite-us\group1\02\post\sweep_2v\2d\2v.2dus.00047sm.png	47	 -0.245784691218401	 0.590926989475402	 0.768353756466161  203.750520165186 	 -0.937962895773965	 -0.344990908395313	 -0.0347187418745519	 41.5046636359873 	 0.24457205832636 	 -0.729236975361312 	 0.639083025816667 	 -28.1084512161764 	0	0	0	1
C:\downloads\data\MNI\bite-us\group1\02\post\sweep_2v\2d\2v.2dus.00048sm.png	48	 -0.245405630615001	 0.591498772502284	 0.768034891744179  203.952729533554 	 -0.938105121633296	 -0.344643256242316	 -0.0343265917943866	 41.2959059462364 	 0.244407154616701 	 -0.728937739491505 	 0.639487365128733 	 -27.9535759486147 	0	0	0	1
C:\downloads\data\MNI\bite-us\group1\02\post\sweep_2v\2d\2v.2dus.00049sm.png	49	 -0.244935517315291	 0.591412142539089	 0.768251646306367  203.907334653591 	 -0.937780314015056	 -0.345665641147543	 -0.0328911233039433	 41.2882316779153 	 0.246119229243296 	 -0.728523810309164 	 0.639302418230497 	 -27.8083341371872 	0	0	0	1
C:\downloads\data\MNI\bite-us\group1\02\post\sweep_2v\2d\2v.2dus.00050sm.png	50	 -0.244261669395617	 0.59160432024805	 0.768318223824704  203.900950250847 	 -0.938043731050395	 -0.344978531564694	 -0.0325921842132716	 41.1988346492416 	 0.245784856126494 	 -0.728693447907493 	 0.63923771514755 	 -27.4774715454979 	0	0	0	1
C:\downloads\data\MNI\bite-us\group1\02\post\sweep_2v\2d\2v.2dus.00051sm.png	51	 -0.243381671856714	 0.592416327431928	 0.767971736726735  204.098616530109 	 -0.938371322679557	 -0.344150390519899	 -0.0319099335027753	 40.9774830717584 	 0.245407054863649 	 -0.728425290401883 	 0.639688336405136 	 -27.1112233853859 	0	0	0	1
C:\downloads\data\MNI\bite-us\group1\02\post\sweep_2v\2d\2v.2dus.00052sm.png	52	 -0.243017149851073	 0.592768989050852	 0.76781503211542  204.178377830578 	 -0.938559982067622	 -0.343649505118509	 -0.0317593019323706	 40.8661300912381 	 0.245046577081759 	 -0.728374864511012 	 0.639883913845602 	 -26.9181599462817 	0	0	0	1
C:\downloads\data\MNI\bite-us\group1\02\post\sweep_2v\2d\2v.2dus.00053sm.png	53	 -0.241395364849337	 0.593357711640597	 0.767871897115508  204.288015963319 	 -0.939026294259377	 -0.342482390888531	 -0.0305597073456123	 40.7909782894739 	 0.244863015824679 	 -0.728445219606739 	 0.639874092230011 	 -26.3043698460392 	0	0	0	1
C:\downloads\data\MNI\bite-us\group1\02\post\sweep_2v\2d\2v.2dus.00054sm.png	54	 -0.241061455219071	 0.594894681585829	 0.766786823014318  204.639704860984 	 -0.939369331770632	 -0.341560819822543	 -0.0303303942314668	 40.4967400531073 	 0.243874216219059 	 -0.727623889233337 	 0.641184868222397 	 -25.9975364525768 	0	0	0	1
C:\downloads\data\MNI\bite-us\group1\02\post\sweep_2v\2d\2v.2dus.00055sm.png	55	 -0.240948624861606	 0.594382383586273	 0.767219451257711  204.488461660663 	 -0.939414486961282	 -0.341419071879736	 -0.0305272178455361	 40.7321491638816 	 0.243811775483819 	 -0.728108920038122 	 0.640657788981316 	 -25.7515156806541 	0	0	0	1
C:\downloads\data\MNI\bite-us\group1\02\post\sweep_2v\2d\2v.2dus.00056sm.png	56	 -0.239555202973125	 0.594674208749877	 0.767429636853712  204.599058466013 	 -0.939640149593373	 -0.340918782809504	 -0.029141492099046	 40.6305871127489 	 0.244314743723436 	 -0.728105053529636 	 0.640470550389963 	 -25.2520200233784 	0	0	0	1
C:\downloads\data\MNI\bite-us\group1\02\post\sweep_2v\2d\2v.2dus.00057sm.png	57	 -0.238367307452817	 0.594946877645303	 0.767588176072902  204.710990730682 	 -0.939660636497641	 -0.340998223940284	 -0.0275050372305605	 40.7090163829456 	 0.245395425700118 	 -0.727845054973706 	 0.640352922129681 	 -24.9825066248413 	0	0	0	1
C:\downloads\data\MNI\bite-us\group1\02\post\sweep_2v\2d\2v.2dus.00058sm.png	58	 -0.237260949821572	 0.595067362424768	 0.767837519162767  204.701225512776 	 -0.939672724338364	 -0.341080773934548	 -0.0260284593188642	 40.8113376457031 	 0.246419181120875 	 -0.727707867092997 	 0.64011566413536 	 -24.6702355749605 	0	0	0	1
C:\downloads\data\MNI\bite-us\group1\02\post\sweep_2v\2d\2v.2dus.00059sm.png	59	 -0.237252355400224	 0.595328757953487	 0.767637523842788  204.845251721185 	 -0.9397707429941	 -0.340800857305954	 -0.0261559563152676	 40.8296191098171 	 0.246053389469366 	 -0.727625209577764 	 0.640350293150356 	 -24.5845214284069 	0	0	0	1
C:\downloads\data\MNI\bite-us\group1\02\post\sweep_2v\2d\2v.2dus.00060sm.png	60	 -0.236323576176522	 0.595640750087651	 0.76768199830929  205.030786737554 	 -0.939667766462437	 -0.341205175994463	 -0.0245335734445325	 40.6671521391711 	 0.247337130278966 	 -0.72718025599545 	 0.640361189678057 	 -24.2834124451125 	0	0	0	1
C:\downloads\data\MNI\bite-us\group1\02\post\sweep_2v\2d\2v.2dus.00061sm.png	61	 -0.234452776182657	 0.59646571710465	 0.767615102483162  205.3758687092 	 -0.939836387740543	 -0.340902621160692	 -0.0221655528793934	 40.3708642171137 	 0.248474264299248 	 -0.726645753586027 	 0.640527706430655 	 -23.7327416120733 	0	0	0	1
C:\downloads\data\MNI\bite-us\group1\02\post\sweep_2v\2d\2v.2dus.00062sm.png	62	 -0.233549829894996	 0.596887386571991	 0.767562592508864  205.474322939302 	 -0.939737530045336	 -0.341275885785245	 -0.0205538645536285	 40.1981330980449 	 0.249695517741729 	 -0.726124106150426 	 0.640644367206162 	 -23.3272453675428 	0	0	0	1
C:\downloads\data\MNI\bite-us\group1\02\post\sweep_2v\2d\2v.2dus.00063sm.png	63	 -0.232635484361075	 0.596707824495513	 0.767979767947948  205.503082029551 	 -0.939973253700768	 -0.340655711473274	 -0.0200569603360831	 40.2239941119197 	 0.249661798726354 	 -0.726562769777305 	 0.640159975603515 	 -23.0166051386901 	0	0	0	1
C:\downloads\data\MNI\bite-us\group1\02\post\sweep_2v\2d\2v.2dus.00064sm.png	64	 -0.231939232179806	 0.597195754845166	 0.767811075590458  205.553998138455 	 -0.940138378684808	 -0.340239759502963	 -0.0193659454633381	 40.1114467893632 	 0.249687848121896 	 -0.726356755629269 	 0.640383566588756 	 -22.7098814728536 	0	0	0	1
C:\downloads\data\MNI\bite-us\group1\02\post\sweep_2v\2d\2v.2dus.00065sm.png	65	 -0.230825306686849	 0.598828507871016	 0.766874515156512  205.955186707489 	 -0.940604837509374	 -0.339001506563719	 -0.0184069476117486	 39.5947882121413 	 0.248962281173043 	 -0.725591067136649 	 0.641533056266848 	 -22.252002770724 	0	0	0	1
C:\downloads\data\MNI\bite-us\group1\02\post\sweep_2v\2d\2v.2dus.00066sm.png	66	 -0.23044678559838	 0.599396097667752	 0.766544860748841  206.165552925105 	 -0.940647053172199	 -0.338917943982199	 -0.0177774212060849	 39.4258518901182 	 0.249153367157326 	 -0.725161323670498 	 0.641944654744318 	 -22.1262008769977 	0	0	0	1
C:\downloads\data\MNI\bite-us\group1\02\post\sweep_2v\2d\2v.2dus.00067sm.png	67	 -0.229231159995755	 0.599544779780292	 0.766793043548752  206.11468075307 	 -0.940998081623863	 -0.337979392648488	 -0.0170535325959292	 39.4151532667484 	 0.248949162816851 	 -0.725476386371852 	 0.641667831039737 	 -21.6070219093279 	0	0	0	1
C:\downloads\data\MNI\bite-us\group1\02\post\sweep_2v\2d\2v.2dus.00068sm.png	68	 -0.228410162155573	 0.600451378441898	 0.766328508176107  206.372838509843 	 -0.940864267065801	 -0.338437441842912	 -0.0152571336414732	 39.024875804198 	 0.250206372386471 	 -0.724512415411945 	 0.642267730334967 	 -21.2856211850397 	0	0	0	1
C:\downloads\data\MNI\bite-us\group1\02\post\sweep_2v\2d\2v.2dus.00069sm.png	69	 -0.226870274552761	 0.600958389783847	 0.766388510510166  206.466934663214 	 -0.941019030243534	 -0.338082966838153	 -0.013465408525012	 38.8692750727521 	 0.251024029216076 	 -0.724257496531667 	 0.642236197774046 	 -20.6783889342779 	0	0	0	1
C:\downloads\data\MNI\bite-us\group1\02\post\sweep_2v\2d\2v.2dus.00070sm.png	70	 -0.22489324039257	 0.601508062766908	 0.766539990362458  206.600341495212 	 -0.94118441155922	 -0.337707069632875	 -0.0111368232118716	 38.7951765475596 	 0.252180359789684 	 -0.723976508974136 	 0.64210000338255 	 -20.0809802527655 	0	0	0	1
C:\downloads\data\MNI\bite-us\group1\02\post\sweep_2v\2d\2v.2dus.00071sm.png	71	 -0.223712230122288	 0.602388339449889	 0.766194237999282  206.823829562809 	 -0.941215110575127	 -0.337676038536684	 -0.00933651551627887	 38.5385394219726 	 0.253114507128225 	 -0.72325872375864 	 0.642541219794274 	 -19.732089455537 	0	0	0	1
C:\downloads\data\MNI\bite-us\group1\02\post\sweep_2v\2d\2v.2dus.00072sm.png	72	 -0.222603923810439	 0.60315534597618	 0.76591358081178  207.019548373596 	 -0.941557742663913	 -0.336742258850184	 -0.00847477647917338	 38.3149992217639 	 0.252817148021715 	 -0.723054824840296 	 0.642887676730317 	 -19.3851295226363 	0	0	0	1
C:\downloads\data\MNI\bite-us\group1\02\post\sweep_2v\2d\2v.2dus.00073sm.png	73	 -0.221699482921395	 0.603223049336502	 0.766122570978675  207.111028525624 	 -0.941462055305956	 -0.337042103690861	 -0.00706740374639514	 38.1326060600746 	 0.253965623050583 	 -0.722858612101157 	 0.642655629432521 	 -19.2780844063194 	0	0	0	1
C:\downloads\data\MNI\bite-us\group1\02\post\sweep_2v\2d\2v.2dus.00074sm.png	74	 -0.220825727965765	 0.603917376535554	 0.765827857648742  207.278283662497 	 -0.941227436778741	 -0.337732462833728	 -0.00507837315560232	 37.8568280280364 	 0.255591295085163 	 -0.721956083059544 	 0.643025584697243 	 -19.1166101387156 	0	0	0	1
C:\downloads\data\MNI\bite-us\group1\02\post\sweep_2v\2d\2v.2dus.00075sm.png	75	 -0.219753381846442	 0.604226058212782	 0.765892838288797  207.32403042616 	 -0.941089464208264	 -0.338139072122497	 -0.00326364922845516	 37.707302016884 	 0.25701959365631 	 -0.721507337787205 	 0.642959958980063 	 -18.8944314295944 	0	0	0	1
C:\downloads\data\MNI\bite-us\group1\02\post\sweep_2v\2d\2v.2dus.00076sm.png	76	 -0.218423293490201	 0.604827171906936	 0.765798855299582  207.463251457091 	 -0.941003775277945	 -0.338391226766426	 -0.00114053031302516	 37.4093311446876 	 0.25846307235957 	 -0.720885198745661 	 0.64307916496529 	 -18.496969606924 	0	0	0	1
C:\downloads\data\MNI\bite-us\group1\02\post\sweep_2v\2d\2v.2dus.00077sm.png	77	 -0.216669521448377	 0.605682826217714	 0.765620779212226  207.727533771821 	 -0.941278751780692	 -0.337626731618298	 0.000710233298787602	 37.1053866892594 	 0.25893750196044 	 -0.720525158562606 	 0.643291782946997 	 -18.143026382709 	0	0	0	1
C:\downloads\data\MNI\bite-us\group1\02\post\sweep_2v\2d\2v.2dus.00078sm.png	78	 -0.215476446674583	 0.606415750005966	 0.765377288403426  208.027256263463 	 -0.940782810360219	 -0.338986473174392	 0.00371797310148541	 36.707703307688 	 0.261720470462713 	 -0.719269149310249 	 0.64357111733843 	 -17.9391519955098 	0	0	0	1
C:\downloads\data\MNI\bite-us\group1\02\post\sweep_2v\2d\2v.2dus.00079sm.png	79	 -0.213413325104709	 0.607197339665075	 0.765335689548533  208.189283990344 	 -0.941316326672715	 -0.337481645827152	 0.00525770147629562	 36.5088857822236 	 0.261492496655521 	 -0.719317405206806 	 0.643609849892354 	 -17.2087195094105 	0	0	0	1
C:\downloads\data\MNI\bite-us\group1\02\post\sweep_2v\2d\2v.2dus.00080sm.png	80	 -0.212852735643287	 0.608361906506263	 0.76456659428893  208.479510505185 	 -0.941071146269283	 -0.338132006164625	 0.00705295213789197	 36.12198664159 	 0.262828481311647 	 -0.71802683593244 	 0.644506151067285 	 -16.9227143190354 	0	0	0	1
C:\downloads\data\MNI\bite-us\group1\02\post\sweep_2v\2d\2v.2dus.00081sm.png	81	 -0.211466629530437	 0.609161893881208	 0.764314226462024  208.729531170491 	 -0.9412569226276	 -0.337578034202505	 0.00862289081580636	 35.9048793058471 	 0.263281731612085 	 -0.717609126103503 	 0.644786328159753 	 -16.4399807282542 	0	0	0	1
C:\downloads\data\MNI\bite-us\group1\02\post\sweep_2v\2d\2v.2dus.00082sm.png	82	 -0.209640435422649	 0.610252296946847	 0.763947395016347  209.041017809778 	 -0.941746095394828	 -0.336169820908983	 0.010099708994804	 35.6002208167306 	 0.262992736866245 	 -0.717343701151073 	 0.6451994835134 	 -15.7399309660738 	0	0	0	1
C:\downloads\data\MNI\bite-us\group1\02\post\sweep_2v\2d\2v.2dus.00083sm.png	83	 -0.208514149162047	 0.610898061097713	 0.763739496622577  209.19555170122 	 -0.94182311337877	 -0.335907406769488	 0.0115445298276813	 35.4266171654657 	 0.263611594405004 	 -0.716916852239123 	 0.645421339227137 	 -15.2918030805882 	0	0	0	1
C:\downloads\data\MNI\bite-us\group1\02\post\sweep_2v\2d\2v.2dus.00084sm.png	84	 -0.206785849975506	 0.611703732741174	 0.763564523774414  209.447165231815 	 -0.941960586900812	 -0.335443634326625	 0.0136245658726105	 35.2352900704229 	 0.264480367844921 	 -0.716446865817877 	 0.645587785849403 	 -14.8483348232882 	0	0	0	1
C:\downloads\data\MNI\bite-us\group1\02\post\sweep_2v\2d\2v.2dus.00085sm.png	85	 -0.205995170101349	 0.612711302492611	 0.762970169477352  209.569413049888 	 -0.942078314522162	 -0.335066519482808	 0.0147196758077149	 35.1411550934356 	 0.264677991533106 	 -0.71576203260545 	 0.646266084234518 	 -14.5242249301091 	0	0	0	1
C:\downloads\data\MNI\bite-us\group1\02\post\sweep_2v\2d\2v.2dus.00086sm.png	86	 -0.205161845215773	 0.612543797656167	 0.763329125892137  209.660288538792 	 -0.941841099137753	 -0.335663994376361	 0.0162108793124056	 35.1151849840782 	 0.266165289327231 	 -0.715625445908869 	 0.645806358714951 	 -14.3528824804117 	0	0	0	1
C:\downloads\data\MNI\bite-us\group1\02\post\sweep_2v\2d\2v.2dus.00087sm.png	87	 -0.203500470282693	 0.613353436667117	 0.763123697171584  209.784405576342 	 -0.942623857691584	 -0.333439120863553	 0.0166247992233576	 35.008357911717 	 0.264665489826986 	 -0.715972006719801 	 0.646038573821993 	 -13.7347745723314 	0	0	0	1
C:\downloads\data\MNI\bite-us\group1\02\post\sweep_2v\2d\2v.2dus.00088sm.png	88	 -0.201938738735606	 0.614420583868715	 0.762679986438104  209.975546595791 	 -0.942830288332737	 -0.332759897677278	 0.0184293256712417	 34.6559325455812 	 0.265125994953873 	 -0.715372767594794 	 0.646513416908014 	 -13.1234935794346 	0	0	0	1
C:\downloads\data\MNI\bite-us\group1\02\post\sweep_2v\2d\2v.2dus.00089sm.png	89	 -0.199768237159934	 0.615077782874372	 0.762721879557328  210.151520100437 	 -0.943364994708179	 -0.331152158148486	 0.019961432037171	 34.5357243422509 	 0.264868152448063 	 -0.715554029523939 	 0.646418498865528 	 -12.2658660538806 	0	0	0	1
C:\downloads\data\MNI\bite-us\group1\02\post\sweep_2v\2d\2v.2dus.00090sm.png	90	 -0.198489237928636	 0.616273504999785	 0.762090343366293  210.491198114503 	 -0.943732469955495	 -0.330033846473586	 0.0210806887888436	 34.1451006141125 	 0.264520410513461 	 -0.715041696138855 	 0.647127431892694 	 -11.7010531923051 	0	0	0	1
C:\downloads\data\MNI\bite-us\group1\02\post\sweep_2v\2d\2v.2dus.00091sm.png	91	 -0.197627109249708	 0.617717603957614	 0.761144658857146  210.810606614784 	 -0.944096152601462	 -0.328943648761046	 0.0218227597401086	 33.702577513936 	 0.263867353669835 	 -0.714297583434687 	 0.648214914554243 	 -11.2032123422865 	0	0	0	1
C:\downloads\data\MNI\bite-us\group1\02\post\sweep_2v\2d\2v.2dus.00092sm.png	92	 -0.195358236573469	 0.618720858454656	 0.760915491978718  210.956100510012 	 -0.944694472204488	 -0.327109941290727	 0.0234333824864645	 33.4955038303173 	 0.263415097496687 	 -0.714271366934102 	 0.648427706573392 	 -10.3771006009039 	0	0	0	1
C:\downloads\data\MNI\bite-us\group1\02\post\sweep_2v\2d\2v.2dus.00093sm.png	93	 -0.194531303686617	 0.619194383905988	 0.760742152008531  211.122911785096 	 -0.944606940311568	 -0.327260805460392	 0.0248143755951175	 33.3562742851718 	 0.264339365591283 	 -0.713791762455059 	 0.648579698203122 	 -10.1611926626589 	0	0	0	1
C:\downloads\data\MNI\bite-us\group1\02\post\sweep_2v\2d\2v.2dus.00094sm.png	94	 -0.193056629177832	 0.620141707664474	 0.76034607171497  211.356630621105 	 -0.944959989035313	 -0.326142402721577	 0.0260652168726462	 33.1162861595415 	 0.264158583152003 	 -0.71348118094452 	 0.648994958144511 	 -9.4759711968418 	0	0	0	1
C:\downloads\data\MNI\bite-us\group1\02\post\sweep_2v\2d\2v.2dus.00095sm.png	95	 -0.191151617818025	 0.620918809679	 0.760193172361364  211.59768153799 	 -0.94560027326337	 -0.324202607763408	 0.0270264075113532	 32.8523091758449 	 0.263251177034012 	 -0.713689358829329 	 0.649134742555192 	 -8.74772425338745 	0	0	0	1
C:\downloads\data\MNI\bite-us\group1\02\post\sweep_2v\2d\2v.2dus.00096sm.png	96	 -0.189467618480205	 0.621893418766366	 0.759817992686367  211.759633124202 	 -0.946077680164096	 -0.32270575186251	 0.0282071071706006	 32.6395602281213 	 0.262752820427797 	 -0.713519147192235 	 0.649523653992005 	 -7.95066103140652 	0	0	0	1
C:\downloads\data\MNI\bite-us\group1\02\post\sweep_2v\2d\2v.2dus.00097sm.png	97	 -0.186900925949568	 0.622835129798537	 0.759682340126362  211.926430614771 	 -0.947057217141502	 -0.319736604571428	 0.0291332480597096	 32.4476110963745 	 0.26105683545808 	 -0.71403424622771 	 0.649641436453699 	 -6.98950696868766 	0	0	0	1
C:\downloads\data\MNI\bite-us\group1\02\post\sweep_2v\2d\2v.2dus.00098sm.png	98	 -0.185427872187585	 0.623233095091687	 0.759716949562591  212.111360095586 	 -0.947197771068634	 -0.319178549702182	 0.0306435534853285	 32.3834988221955 	 0.261596801774404 	 -0.713936665673117 	 0.64953146896598 	 -6.4091704207581 	0	0	0	1
C:\downloads\data\MNI\bite-us\group1\02\post\sweep_2v\2d\2v.2dus.00099sm.png	99	 -0.18405487340433	 0.623086390756466	 0.760171034921105  212.051817661284 	 -0.947083979824528	 -0.319339243552554	 0.0324336781980263	 32.3931262717728 	 0.262974787262675 	 -0.713992855133274 	 0.648912978900502 	 -6.14660602085061 	0	0	0	1
C:\downloads\data\MNI\bite-us\group1\02\post\sweep_2v\2d\2v.2dus.00100sm.png	100	 -0.183514720955349	 0.624095153225817	 0.759473789798686  212.182080717347 	 -0.946746689280851	 -0.320142978447272	 0.0343031554937038	 32.2244324702662 	 0.264562003183427 	 -0.712750807134551 	 0.64963286257085 	 -5.97735405520278 	0	0	0	1
C:\downloads\data\MNI\bite-us\group1\02\post\sweep_2v\2d\2v.2dus.00101sm.png	101	 -0.182430626142676	 0.623845650075374	 0.759939825177352  212.104547067291 	 -0.947186242733435	 -0.318835272524107	 0.0343485188827548	 32.3744932333224 	 0.263737157453607 	 -0.713554955050073 	 0.649085234279733 	 -5.58134135406235 	0	0	0	1
C:\downloads\data\MNI\bite-us\group1\02\post\sweep_2v\2d\2v.2dus.00102sm.png	102	 -0.182261992953097	 0.62403944382887	 0.759821167097373  212.22408779138 	 -0.947126656051052	 -0.31896680780721	 0.0347677381415489	 32.220539497013 	 0.264067535532709 	 -0.713326676960166 	 0.64920181639865 	 -5.58668346750937 	0	0	0	1
C:\downloads\data\MNI\bite-us\group1\02\post\sweep_2v\2d\2v.2dus.00103sm.png	103	 -0.181487433404305	 0.624914436274943	 0.759287252432385  212.40019329829 	 -0.947153194268818	 -0.318757180873721	 0.0359470404886054	 31.9571953893818 	 0.26450545949506 	 -0.712654058415868 	 0.649762016875248 	 -5.22167071089778 	0	0	0	1
C:\downloads\data\MNI\bite-us\group1\02\post\sweep_2v\2d\2v.2dus.00104sm.png	104	 -0.179308703402921	 0.624946223730954	 0.759778591636065  212.491868898689 	 -0.947636501776031	 -0.317169142052916	 0.0372328141571307	 31.9404210912888 	 0.264260192586112 	 -0.713334390572779 	 0.649114943011989 	 -4.52481315464864 	0	0	0	1
C:\downloads\data\MNI\bite-us\group1\02\post\sweep_2v\2d\2v.2dus.00105sm.png	105	 -0.17932417183859	 0.62587684118472	 0.759008509516636  212.784341538529 	 -0.947297146659989	 -0.318038032288137	 0.0384368264676271	 31.529576618378 	 0.265463664790959 	 -0.712130598757648 	 0.649945146033442 	 -4.5763747324729 	0	0	0	1
C:\downloads\data\MNI\bite-us\group1\02\post\sweep_2v\2d\2v.2dus.00106sm.png	106	 -0.178685932023677	 0.627027079138172	 0.758209257642181  213.065372910061 	 -0.947212144872933	 -0.318118050785094	 0.0398434197218641	 31.0953607804296 	 0.266196337882486 	 -0.711082237010703 	 0.6507927654258 	 -4.38577256144854 	0	0	0	1
C:\downloads\data\MNI\bite-us\group1\02\post\sweep_2v\2d\2v.2dus.00107sm.png	107	 -0.17742824683746	 0.627500429072073	 0.758113013835246  213.227601359507 	 -0.946852929878598	 -0.318866394494112	 0.0423219515432329	 30.9034599129994 	 0.268307186643407 	 -0.710329102583225 	 0.650748423487305 	 -4.04826542116752 	0	0	0	1
C:\downloads\data\MNI\bite-us\group1\02\post\sweep_2v\2d\2v.2dus.00108sm.png	108	 -0.17435440812125	 0.628514119355805	 0.757986471741398  213.571877174259 	 -0.946965621025739	 -0.318038137120862	 0.0458823949244461	 30.5092035658667 	 0.269919715774941 	 -0.709804018801732 	 0.650654527758797 	 -3.00411332771884 	0	0	0	1
C:\downloads\data\MNI\bite-us\group1\02\post\sweep_2v\2d\2v.2dus.00109sm.png	109	 -0.173388370308771	 0.629136122036835	 0.757692003393259  213.747264178978 	 -0.947242497166015	 -0.317116688534805	 0.0465401637373295	 30.30500464131 	 0.269570259124334 	 -0.70966523502365 	 0.650950720986782 	 -2.6553127405884 	0	0	0	1
C:\downloads\data\MNI\bite-us\group1\02\post\sweep_2v\2d\2v.2dus.00110sm.png	110	 -0.171930179420707	 0.62972736274133	 0.757533126557581  213.907244641886 	 -0.94726812536909	 -0.316772370771184	 0.0483287061693527	 30.1350098135259 	 0.270412854842542 	 -0.709294518328496 	 0.651005298233349 	 -2.12273421179704 	0	0	0	1
C:\downloads\data\MNI\bite-us\group1\02\post\sweep_2v\2d\2v.2dus.00111sm.png	111	 -0.170347671662859	 0.630344331327903	 0.757377507596946  214.076894179175 	 -0.947683409441367	 -0.315374491922281	 0.049319082207691	 30.0810548303915 	 0.269958934337483 	 -0.709369405745371 	 0.651112078767112 	 -1.60998603111502 	0	0	0	1
C:\downloads\data\MNI\bite-us\group1\02\post\sweep_2v\2d\2v.2dus.00112sm.png	112	 -0.169757693279231	 0.630577743742128	 0.757315677814251  214.136437916025 	 -0.947636962261436	 -0.315379339174427	 0.050173023055918	 30.1332259190256 	 0.270493092940341 	 -0.709159771503565 	 0.651118754064243 	 -1.34809800755532 	0	0	0	1
C:\downloads\data\MNI\bite-us\group1\02\post\sweep_2v\2d\2v.2dus.00113sm.png	113	 -0.169399509698844	 0.631066658095175	 0.756988561790663  214.217901319334 	 -0.947441828188455	 -0.315794339607104	 0.0512364168011919	 30.081641159657 	 0.271399683700458 	 -0.708539912857915 	 0.651416262394084 	 -1.11787073275137 	0	0	0	1
C:\downloads\data\MNI\bite-us\group1\02\post\sweep_2v\2d\2v.2dus.00114sm.png	114	 -0.168288993651322	 0.631770489902592	 0.756649111469113  214.409598008201 	 -0.94755322518551	 -0.315257025762014	 0.0524702443914911	 29.825912255334 	 0.271701490714283 	 -0.70815185927591 	 0.651712356462957 	 -0.696607790667231 	0	0	0	1
C:\downloads\data\MNI\bite-us\group1\02\post\sweep_2v\2d\2v.2dus.00115sm.png	115	 -0.167242847365003	 0.632192555079297	 0.756528539320911  214.588888894163 	 -0.947537099784874	 -0.315078076294577	 0.0538187819490693	 29.6272387201299 	 0.272402779972077 	 -0.707854772634061 	 0.65174236313323 	 -0.442984984470522 	0	0	0	1
C:\downloads\data\MNI\bite-us\group1\02\post\sweep_2v\2d\2v.2dus.00116sm.png	116	 -0.165670669846167	 0.632454428360665	 0.756655584316762  214.75272923973 	 -0.947402350476782	 -0.315112692575533	 0.0559459750194095	 29.5165829111829 	 0.273828441663374 	 -0.70760538934125 	 0.651415669600745 	 0.0814977955919351 	0	0	0	1
C:\downloads\data\MNI\bite-us\group1\02\post\sweep_2v\2d\2v.2dus.00117sm.png	117	 -0.164959573273377	 0.632875939286886	 0.756458485625544  214.930829520442 	 -0.947443389151619	 -0.314838481607519	 0.0567883433338053	 29.2889387560391 	 0.274115602508064 	 -0.707350532600926 	 0.651571671872336 	 0.378154191395167 	0	0	0	1
C:\downloads\data\MNI\bite-us\group1\02\post\sweep_2v\2d\2v.2dus.00118sm.png	118	 -0.165092591886871	 0.633684277012533	 0.755752421700629  215.106602668537 	 -0.947468991156313	 -0.314737446866586	 0.0569210801249989	 29.0214788294546 	 0.273946978266442 	 -0.706671477142672 	 0.652378929557843 	 0.376683803591945 	0	0	0	1
C:\downloads\data\MNI\bite-us\group1\02\post\sweep_2v\2d\2v.2dus.00119sm.png	119	 -0.165229485550891	 0.63440511355936	 0.75511748301303  215.185241400916 	 -0.947603645247371	 -0.314362212738513	 0.0567529143489982	 28.8161802539566 	 0.273398150356733 	 -0.706191582427801 	 0.653128389798638 	 0.385350998648358 	0	0	0	1
C:\downloads\data\MNI\bite-us\group1\02\post\sweep_2v\2d\2v.2dus.00120sm.png	120	 -0.163876673762935	 0.634331520502005	 0.755474037504659  215.17895678106 	 -0.947665888710126	 -0.313941876875182	 0.0580258826229431	 28.7499760990595 	 0.273995983860426 	 -0.70644463338729 	 0.652603996005416 	 0.826423767574602 	0	0	0	1
C:\downloads\data\MNI\bite-us\group1\02\post\sweep_2v\2d\2v.2dus.00121sm.png	121	 -0.162716488054767	 0.634475529114026	 0.755603882004426  215.334396649047 	 -0.947627840548683	 -0.313796473481574	 0.059416895091065	 28.5842621859557 	 0.274817794788044 	 -0.706379909245729 	 0.652328449538712 	 1.20593974459904 	0	0	0	1
C:\downloads\data\MNI\bite-us\group1\02\post\sweep_2v\2d\2v.2dus.00122sm.png	122	 -0.16166327394135	 0.635924681868985	 0.754611072932917  215.800868459857 	 -0.947583657856197	 -0.313578153383618	 0.0612457408936527	 28.047030917038 	 0.275590633408384 	 -0.705172702754687 	 0.653307804812877 	 1.68493558371898 	0	0	0	1
C:\downloads\data\MNI\bite-us\group1\02\post\sweep_2v\2d\2v.2dus.00123sm.png	123	 -0.160314580730933	 0.637293296889122	 0.753743714937574  216.064468834634 	 -0.948015570321828	 -0.312077233901777	 0.0622201894954838	 27.7332802107911 	 0.274892185469948 	 -0.70460276313708 	 0.654216371096942 	 2.24662882628886 	0	0	0	1
C:\downloads\data\MNI\bite-us\group1\02\post\sweep_2v\2d\2v.2dus.00124sm.png	124	 -0.159546796153484	 0.637040148387612	 0.754120534214628  216.033310716526 	 -0.947648308504992	 -0.312872790999303	 0.0637992589416754	 27.7439710013955 	 0.276599897369443 	 -0.704478861283002 	 0.653629768626198 	 2.46957691974092 	0	0	0	1
C:\downloads\data\MNI\bite-us\group1\02\post\sweep_2v\2d\2v.2dus.00125sm.png	125	 -0.158574355275517	 0.636629151538491	 0.754672527697243  216.020762631735 	 -0.947394417735303	 -0.313341656348524	 0.0652521549738505	 27.7088527578703 	 0.278025162697443 	 -0.704641986975048 	 0.652848782039396 	 2.64313740344898 	0	0	0	1
C:\downloads\data\MNI\bite-us\group1\02\post\sweep_2v\2d\2v.2dus.00126sm.png	126	 -0.15734587317451	 0.637752015944913	 0.753981286973491  216.349444328345 	 -0.947702515228661	 -0.312191102596765	 0.0662847054072115	 27.3943447300171 	 0.277672862959671 	 -0.704137118477371 	 0.653543079469806 	 3.02726283885909 	0	0	0	1
C:\downloads\data\MNI\bite-us\group1\02\post\sweep_2v\2d\2v.2dus.00127sm.png	127	 -0.157148690179967	 0.637699938604848	 0.754066455494742  216.351655958992 	 -0.947647735067482	 -0.312290490353986	 0.0665989374238133	 27.4949191247261 	 0.277971328370738 	 -0.70414021184551 	 0.65341285741223 	 3.0811683162103 	0	0	0	1
C:\downloads\data\MNI\bite-us\group1\02\post\sweep_2v\2d\2v.2dus.00128sm.png	128	 -0.156337454899267	 0.63757542120823	 0.75434033202636  216.2526670466 	 -0.947801929377011	 -0.311728634424572	 0.0670354611007544	 27.5767412372716 	 0.277903045799852 	 -0.704501838713669 	 0.653051996730252 	 3.39756399398786 	0	0	0	1
C:\downloads\data\MNI\bite-us\group1\02\post\sweep_2v\2d\2v.2dus.00129sm.png	129	 -0.155372104395999	 0.638138240156848	 0.754063830687858  216.562487252741 	 -0.947985423378639	 -0.310994263415426	 0.0678467696906922	 27.2637954193423 	 0.277818549123671 	 -0.704316799865102 	 0.653287498036578 	 3.67298843025284 	0	0	0	1
C:\downloads\data\MNI\bite-us\group1\02\post\sweep_2v\2d\2v.2dus.00130sm.png	130	 -0.153930541707907	 0.6388216523674	 0.753780782008371  216.692545040761 	 -0.948172366792325	 -0.310126403661176	 0.0691934504805621	 27.0444969332652 	 0.277983005201669 	 -0.70407990329136 	 0.653472875554482 	 4.28898972808388 	0	0	0	1
C:\downloads\data\MNI\bite-us\group1\02\post\sweep_2v\2d\2v.2dus.00131sm.png	131	 -0.154311303235386	 0.639803402065305	 0.752869710322176  216.951818726285 	 -0.948276834125802	 -0.309860132846081	 0.0689543712756504	 26.7069622923077 	 0.277414973557923 	 -0.703305271399462 	 0.654547549045432 	 4.2953481408834 	0	0	0	1
C:\downloads\data\MNI\bite-us\group1\02\post\sweep_2v\2d\2v.2dus.00132sm.png	132	 -0.153096263461119	 0.640263904270827	 0.752726281345294  217.050874852055 	 -0.948503952551952	 -0.308957661615388	 0.0698739004548643	 26.6089496773607 	 0.277311712892854 	 -0.703283226173516 	 0.654614988682133 	 4.76238337900735 	0	0	0	1
C:\downloads\data\MNI\bite-us\group1\02\post\sweep_2v\2d\2v.2dus.00133sm.png	133	 -0.151574088895001	 0.640869175990693	 0.752519236701379  217.319673345578 	 -0.948798818657108	 -0.307791549089117	 0.071007692739129	 26.2951634608324 	 0.277139129843708 	 -0.703243244954639 	 0.65473101802667 	 5.38566694118043 	0	0	0	1
C:\downloads\data\MNI\bite-us\group1\02\post\sweep_2v\2d\2v.2dus.00134sm.png	134	 -0.149575429770963	 0.642686808688542	 0.751368141541574  217.623683157491 	 -0.949520473662534	 -0.305299783914288	 0.0721098048102034	 25.742960689456 	 0.275749997106996 	 -0.702670411985325 	 0.655931468925372 	 6.37386018904812 	0	0	0	1
C:\downloads\data\MNI\bite-us\group1\02\post\sweep_2v\2d\2v.2dus.00135sm.png	135	 -0.148037129490812	 0.643750895582867	 0.750761638417722  217.834208635537 	 -0.949676061741302	 -0.304420011484867	 0.0737612256400224	 25.2505760091509 	 0.276044174087503 	 -0.702077802699822 	 0.656442110069441 	 7.07333803486632 	0	0	0	1
C:\downloads\data\MNI\bite-us\group1\02\post\sweep_2v\2d\2v.2dus.00136sm.png	136	 -0.147409530809523	 0.644736381843257	 0.750039117646856  218.020911826063 	 -0.949913955748096	 -0.303559964830465	 0.0742408303726425	 24.8971328597544 	 0.275561076535713 	 -0.70154568324507 	 0.657213527786142 	 7.44111806139207 	0	0	0	1
C:\downloads\data\MNI\bite-us\group1\02\post\sweep_2v\2d\2v.2dus.00137sm.png	137	 -0.147005417021325	 0.645796526276103	 0.749205916479769  218.225810820162 	 -0.950210459930993	 -0.302597088015155	 0.0743771410647527	 24.5079900105414 	 0.274753506263554 	 -0.700986340076942 	 0.65814780680235 	 7.72293001082269 	0	0	0	1
C:\downloads\data\MNI\bite-us\group1\02\post\sweep_2v\2d\2v.2dus.00138sm.png	138	 -0.145709259348522	 0.647168212990336	 0.74827493636075  218.588608776748 	 -0.950835179158024	 -0.30053255658061	 0.0747630559404179	 24.0333207503256 	 0.273278747464257 	 -0.70060936800047 	 0.659162426933427 	 8.44215314026002 	0	0	0	1
C:\downloads\data\MNI\bite-us\group1\02\post\sweep_2v\2d\2v.2dus.00139sm.png	139	 -0.143852028498622	 0.647202761818444	 0.748604348416957  218.730444325948 	 -0.951088987608223	 -0.299398384594687	 0.0760736012616346	 24.0079487304065 	 0.273379464384575 	 -0.701062901883041 	 0.658638244199583 	 9.06169958531378 	0	0	0	1
C:\downloads\data\MNI\bite-us\group1\02\post\sweep_2v\2d\2v.2dus.00140sm.png	140	 -0.143060350572473	 0.648641189990673	 0.747510294325123  218.85290885809 	 -0.951282040488337	 -0.298548558792395	 0.0769939590432916	 23.6545303795138 	 0.273123077637952 	 -0.700095254012244 	 0.659772908013665 	 9.60996407187002 	0	0	0	1
C:\downloads\data\MNI\bite-us\group1\02\post\sweep_2v\2d\2v.2dus.00141sm.png	141	 -0.142190832701924	 0.649116648961922	 0.747263441773145  219.009560370687 	 -0.951371162352837	 -0.298040129405635	 0.0778576265543643	 23.4591384991649 	 0.273266680257485 	 -0.699871171934034 	 0.659951163781589 	 9.99187390185158 	0	0	0	1
C:\downloads\data\MNI\bite-us\group1\02\post\sweep_2v\2d\2v.2dus.00142sm.png	142	 -0.14067696988038	 0.650284869466449	 0.74653392740472  219.180765547288 	 -0.951884902607559	 -0.296192986019094	 0.0786234838879979	 23.0594738605199 	 0.272259292464139 	 -0.699570799545047 	 0.660685585596506 	 10.5526187030536 	0	0	0	1
C:\downloads\data\MNI\bite-us\group1\02\post\sweep_2v\2d\2v.2dus.00143sm.png	143	 -0.14003312974286	 0.65121003114637	 0.745848208467404  219.418338202913 	 -0.951772659977318	 -0.296207118083195	 0.0799182632365462	 22.7353990743381 	 0.272982648338903 	 -0.698703684354957 	 0.661304408821851 	 10.8988358985778 	0	0	0	1
C:\downloads\data\MNI\bite-us\group1\02\post\sweep_2v\2d\2v.2dus.00144sm.png	144	 -0.139007512311982	 0.652141383622272	 0.745226053776209  219.618493259335 	 -0.951632230577776	 -0.296180922637778	 0.0816682893509605	 22.3659797958435 	 0.273994542366085 	 -0.697845596699344 	 0.661791824736168 	 11.3208806763216 	0	0	0	1
C:\downloads\data\MNI\bite-us\group1\02\post\sweep_2v\2d\2v.2dus.00145sm.png	145	 -0.138662716883999	 0.652827262766338	 0.744689574650871  219.798049537881 	 -0.951493011216684	 -0.296362579936422	 0.082625688334397	 22.1407041844013 	 0.274651962585662 	 -0.697126807835159 	 0.662276704281203 	 11.4997664479376 	0	0	0	1
C:\downloads\data\MNI\bite-us\group1\02\post\sweep_2v\2d\2v.2dus.00146sm.png	146	 -0.138158982825532	 0.653928817878093	 0.74381620514723  219.967593735505 	 -0.951592995440266	 -0.295843571934676	 0.0833311057919717	 21.6930415889579 	 0.274559404307403 	 -0.696314355800232 	 0.663169193922532 	 11.6864866620319 	0	0	0	1
C:\downloads\data\MNI\bite-us\group1\02\post\sweep_2v\2d\2v.2dus.00147sm.png	147	 -0.137886310005978	 0.654520855737507	 0.74334592718754  220.158633109164 	 -0.951581962895798	 -0.295727264092493	 0.0838681397060668	 21.3587750387688 	 0.274734659998181 	 -0.695807325828789 	 0.663628636871511 	 11.8117058287751 	0	0	0	1
C:\downloads\data\MNI\bite-us\group1\02\post\sweep_2v\2d\2v.2dus.00148sm.png	148	 -0.137432883931881	 0.655292029562895	 0.74275023744576  220.379042838229 	 -0.951613488184288	 -0.295429991496096	 0.0845552410241865	 20.9387359183906 	 0.274852636006821 	 -0.695207505796621 	 0.664208172179181 	 11.9777550750523 	0	0	0	1
C:\downloads\data\MNI\bite-us\group1\02\post\sweep_2v\2d\2v.2dus.00149sm.png	149	 -0.137686188453778	 0.656083392270847	 0.742004344131389  220.512180947566 	 -0.951675662574911	 -0.295255564994677	 0.0844647017057363	 20.7510920025755 	 0.274510376437168 	 -0.694534904613189 	 0.665052830575067 	 11.9653447677577 	0	0	0	1
C:\downloads\data\MNI\bite-us\group1\02\post\sweep_2v\2d\2v.2dus.00150sm.png	150	 -0.137557706865453	 0.655986333735823	 0.742113980595816  220.572908221669 	 -0.951667544893267	 -0.295250132680689	 0.0845750696905934	 20.7391205097917 	 0.274602915641365 	 -0.694628885883584 	 0.664916458956359 	 12.0378262019038 	0	0	0	1
C:\downloads\data\MNI\bite-us\group1\02\post\sweep_2v\2d\2v.2dus.00151sm.png	151	 -0.136850383592209	 0.65568467992095	 0.742511237080722  220.700265575757 	 -0.951669020183401	 -0.295076390078637	 0.0851627199920156	 20.7696625107696 	 0.27495099296753 	 -0.694987427609394 	 0.664397752805063 	 12.1331301738914 	0	0	0	1
C:\downloads\data\MNI\bite-us\group1\02\post\sweep_2v\2d\2v.2dus.00152sm.png	152	 -0.136765698224415	 0.65593093716832	 0.74230931162936  220.76102180117 	 -0.9514419347718	 -0.295596350965044	 0.0858936418067541	 20.5986073695138 	 0.275777788349392 	 -0.694533946586947 	 0.664529283151253 	 12.2266138104546 	0	0	0	1
C:\downloads\data\MNI\bite-us\group1\02\post\sweep_2v\2d\2v.2dus.00153sm.png	153	 -0.13627616592073	 0.656485848261819	 0.741908692403166  220.7732399471 	 -0.951520798401525	 -0.295190237626165	 0.0864150466216211	 20.4737611395233 	 0.275748031382403 	 -0.694182292083404 	 0.664908965087708 	 12.4599378049425 	0	0	0	1
C:\downloads\data\MNI\bite-us\group1\02\post\sweep_2v\2d\2v.2dus.00154sm.png	154	 -0.135756724280187	 0.657622151392973	 0.740997025958928  220.981088211765 	 -0.951574442307468	 -0.294769162516801	 0.08725751031565	 20.0359183613531 	 0.275819130155875 	 -0.693285112220378 	 0.665814940064833 	 12.5387278062063 	0	0	0	1
C:\downloads\data\MNI\bite-us\group1\02\post\sweep_2v\2d\2v.2dus.00155sm.png	155	 -0.135528078356491	 0.656882967331601	 0.741694200633641  220.882154125214 	 -0.951231431565911	 -0.295649111073846	 0.0880170697745568	 20.1367306930929 	 0.277111716782356 	 -0.693611108872166 	 0.664938123568445 	 12.4548684361035 	0	0	0	1
C:\downloads\data\MNI\bite-us\group1\02\post\sweep_2v\2d\2v.2dus.00156sm.png	156	 -0.13486625261903	 0.656803526353473	 0.741885174170506  220.961219264206 	 -0.951820947462809	 -0.293981135186909	 0.0872274518266618	 20.1852165959992 	 0.275405115921076 	 -0.69439485879711 	 0.664829120897863 	 12.7689777219906 	0	0	0	1
C:\downloads\data\MNI\bite-us\group1\02\post\sweep_2v\2d\2v.2dus.00157sm.png	157	 -0.135384293491773	 0.6577656152718	 0.740937830161076  221.060368584666 	 -0.951874809975175	 -0.2938857538318	 0.0869607201579236	 20.0009413237085 	 0.274964432628036 	 -0.693524014768649 	 0.665919638534419 	 12.8534916267248 	0	0	0	1
C:\downloads\data\MNI\bite-us\group1\02\post\sweep_2v\2d\2v.2dus.00158sm.png	158	 -0.133083131215414	 0.658590876434441	 0.740621596303333  221.26461570331 	 -0.952285750578296	 -0.292062776326413	 0.0885878777601201	 19.5817981647262 	 0.274664758262563 	 -0.693510917117981 	 0.666056933754962 	 13.5110721670351 	0	0	0	1
C:\downloads\data\MNI\bite-us\group1\02\post\sweep_2v\2d\2v.2dus.00159sm.png	159	 -0.132232194519239	 0.657146914837146	 0.742055258670742  221.029967170746 	 -0.952073709852208	 -0.292513244914897	 0.0893771026368761	 19.9598921286626 	 0.275808443925997 	 -0.694689811260665 	 0.664353615632018 	 13.5864298425153 	0	0	0	1
C:\downloads\data\MNI\bite-us\group1\02\post\sweep_2v\2d\2v.2dus.00160sm.png	160	 -0.131994427300956	 0.658015654721909	 0.74132738934257  221.387248693858 	 -0.952174770606035	 -0.292081511482582	 0.0897117874809611	 19.5737548493703 	 0.275573361163296 	 -0.694048837468191 	 0.665120663487086 	 13.5333682809678 	0	0	0	1
C:\downloads\data\MNI\bite-us\group1\02\post\sweep_2v\2d\2v.2dus.00161sm.png	161	 -0.130347944253805	 0.658004529957599	 0.741628549455805  221.210954657591 	 -0.952502249658948	 -0.290752605916816	 0.0905482164356587	 19.612041150141 	 0.275225140246036 	 -0.694617132460653 	 0.66467143396749 	 14.0741977209121 	0	0	0	1
C:\downloads\data\MNI\bite-us\group1\02\post\sweep_2v\2d\2v.2dus.00162sm.png	162	 -0.12983934134499	 0.658569963571859	 0.741215763368921  221.369490140849 	 -0.952146169629615	 -0.291421070476462	 0.0921303196407385	 19.3837198552093 	 0.276693724357371 	 -0.693800665006392 	 0.66491442782987 	 14.145314451949 	0	0	0	1
C:\downloads\data\MNI\bite-us\group1\02\post\sweep_2v\2d\2v.2dus.00163sm.png	163	 -0.128764987774086	 0.659963506788884	 0.740162967986917  221.637448458578 	 -0.951919285292848	 -0.291474838893986	 0.0942794697356668	 18.9601541441897 	 0.277973473934282 	 -0.692452588989775 	 0.665785372629318 	 14.6259690408603 	0	0	0	1
C:\downloads\data\MNI\bite-us\group1\02\post\sweep_2v\2d\2v.2dus.00164sm.png	164	 -0.127902901791621	 0.661316180599178	 0.739104348475464  221.933212069933 	 -0.952387732046849	 -0.28985860775825	 0.0945310337938468	 18.4294436628286 	 0.276764259903519 	 -0.691840224897457 	 0.666924767657137 	 15.0295918073072 	0	0	0	1
C:\downloads\data\MNI\bite-us\group1\02\post\sweep_2v\2d\2v.2dus.00165sm.png	165	 -0.126537471972086	 0.661964168967363	 0.738759234747155  222.027780448193 	 -0.952565850387512	 -0.288890740950341	 0.0956919028291932	 18.2083860265406 	 0.27677891693991 	 -0.691625316769501 	 0.667141553801535 	 15.6033053633382 	0	0	0	1
C:\downloads\data\MNI\bite-us\group1\02\post\sweep_2v\2d\2v.2dus.00166sm.png	166	 -0.124961530190498	 0.662964382628393	 0.738130316603889  222.261498474135 	 -0.952856478299841	 -0.287520145033411	 0.0969183942189056	 17.8193745671524 	 0.276494390059678 	 -0.691238304469682 	 0.667660438076326 	 16.1589474001139 	0	0	0	1
C:\downloads\data\MNI\bite-us\group1\02\post\sweep_2v\2d\2v.2dus.00167sm.png	167	 -0.123455624095064	 0.662447327417792	 0.738847610897756  222.147164401534 	 -0.952873628812423	 -0.287048658456802	 0.0981395435929229	 18.0033481608752 	 0.277111090346711 	 -0.691929625088545 	 0.666687961383773 	 16.5322691311924 	0	0	0	1
C:\downloads\data\MNI\bite-us\group1\02\post\sweep_2v\2d\2v.2dus.00168sm.png	168	 -0.123433787375821	 0.662430735504439	 0.738866135384041  222.205287918393 	 -0.95231836940921	 -0.28842474010654	 0.0994852933805551	 17.8999998763868 	 0.27902298009276 	 -0.691373046881004 	 0.666467936500802 	 16.4054897669661 	0	0	0	1
C:\downloads\data\MNI\bite-us\group1\02\post\sweep_2v\2d\2v.2dus.00169sm.png	169	 -0.122369446641933	 0.662115112908406	 0.739325948375488  222.278839034494 	 -0.952411332536001	 -0.287880731379559	 0.1001686405386	 17.8742820122038 	 0.279174447587069 	 -0.691901916284858 	 0.665855378825863 	 16.5357493412493 	0	0	0	1
C:\downloads\data\MNI\bite-us\group1\02\post\sweep_2v\2d\2v.2dus.00170sm.png	170	 -0.122284781236875	 0.662323565283571	 0.739153225014349  222.319606697406 	 -0.952270192672524	 -0.288173334187152	 0.100667865401376	 17.7682130505718 	 0.279692531944068 	 -0.691580526282746 	 0.665971839364412 	 16.5026685297031 	0	0	0	1
C:\downloads\data\MNI\bite-us\group1\02\post\sweep_2v\2d\2v.2dus.00171sm.png	171	 -0.12158870138036	 0.662597632876317	 0.739022420081315  222.272182988344 	 -0.952185346381852	 -0.288110060100054	 0.101646697891385	 17.5810639503598 	 0.280284237573771 	 -0.691344320997753 	 0.665968326142418 	 16.6769478385322 	0	0	0	1
C:\downloads\data\MNI\bite-us\group1\02\post\sweep_2v\2d\2v.2dus.00172sm.png	172	 -0.1211844829238	 0.663997477315292	 0.737831448715289  222.541573408443 	 -0.952315227281945	 -0.287458860728814	 0.1022716547242	 17.1604440030059 	 0.280017908329859 	 -0.690271507095158 	 0.667192072739682 	 16.9723383844849 	0	0	0	1
C:\downloads\data\MNI\bite-us\group1\02\post\sweep_2v\2d\2v.2dus.00173sm.png	173	 -0.120659707795835	 0.663998607036017	 0.737916437159473  222.54751304531 	 -0.952259909707833	 -0.287415229285786	 0.102907331569226	 17.0159416608463 	 0.280432343494564 	 -0.690288588800966 	 0.667000309504554 	 17.0579040726807 	0	0	0	1
C:\downloads\data\MNI\bite-us\group1\02\post\sweep_2v\2d\2v.2dus.00174sm.png	174	 -0.120121035513791	 0.664750936985604	 0.73732673796298  222.71342137489 	 -0.952464023987531	 -0.286622007908822	 0.103230178536446	 16.7169018307874 	 0.279970033818934 	 -0.68989420664264 	 0.667602285589411 	 17.2226705895481 	0	0	0	1
C:\downloads\data\MNI\bite-us\group1\02\post\sweep_2v\2d\2v.2dus.00175sm.png	175	 -0.119541646964685	 0.664795112043187	 0.737381076695456  222.735909590265 	 -0.952227409949092	 -0.286997083480779	 0.104364628581661	 16.5868289246108 	 0.281020914493236 	 -0.689695681498017 	 0.667365845719169 	 17.2759967497025 	0	0	0	1
C:\downloads\data\MNI\bite-us\group1\02\post\sweep_2v\2d\2v.2dus.00176sm.png	176	 -0.117472317611335	 0.664645324981045	 0.737848546249371  222.788673127882 	 -0.951817695070878	 -0.28729447793112	 0.107243873497628	 16.34890315321 	 0.283272536517367 	 -0.689716227829335 	 0.666391982540993 	 17.6791359635002 	0	0	0	1
C:\downloads\data\MNI\bite-us\group1\02\post\sweep_2v\2d\2v.2dus.00177sm.png	177	 -0.116667044967928	 0.665267759879577	 0.737415249237493  222.964800075079 	 -0.951781113005487	 -0.287006283559157	 0.1083345571331	 16.2167826075075 	 0.283727886441373 	 -0.689235954417913 	 0.666695113168517 	 18.0234740829062 	0	0	0	1
C:\downloads\data\MNI\bite-us\group1\02\post\sweep_2v\2d\2v.2dus.00178sm.png	178	 -0.114482732630051	 0.665392722501657	 0.73764483576579  223.017377551564 	 -0.95156078771811	 -0.286734752889934	 0.11095706971648	 16.2558918560465 	 0.285352012796207 	 -0.689228341209922 	 0.666009478121741 	 18.5041982993139 	0	0	0	1
C:\downloads\data\MNI\bite-us\group1\02\post\sweep_2v\2d\2v.2dus.00179sm.png	179	 -0.113786665056967	 0.6652652216161	 0.737867512395933  223.075086263142 	 -0.95168474720448	 -0.286201050534806	 0.111271365967793	 16.3821247513706 	 0.285216999482075 	 -0.68957316042669 	 0.665710310319961 	 18.6920410624987 	0	0	0	1
C:\downloads\data\MNI\bite-us\group1\02\post\sweep_2v\2d\2v.2dus.00180sm.png	180	 -0.112768305171459	 0.665015731733874	 0.738248663050357  222.943092662375 	 -0.951555077387017	 -0.286179296103153	 0.112430158397099	 16.5134197447181 	 0.286052869322692 	 -0.689822793932155 	 0.66509275367212 	 19.1878571578353 	0	0	0	1
C:\downloads\data\MNI\bite-us\group1\02\post\sweep_2v\2d\2v.2dus.00181sm.png	181	 -0.112116773425914	 0.665331042896998	 0.738063780749022  223.030987096404 	 -0.951717786237841	 -0.285498811779968	 0.112782409827527	 16.4345465295939 	 0.285767535726342 	 -0.68980071892527 	 0.665238290825142 	 19.3865480854402 	0	0	0	1
C:\downloads\data\MNI\bite-us\group1\02\post\sweep_2v\2d\2v.2dus.00182sm.png	182	 -0.111350670045857	 0.665446880701895	 0.738075335541061  223.060336476776 	 -0.95140648494001	 -0.285946788627178	 0.114264152102737	 16.4318348261558 	 0.287100555022857 	 -0.689503359700242 	 0.664972557787306 	 19.5854842547171 	0	0	0	1
C:\downloads\data\MNI\bite-us\group1\02\post\sweep_2v\2d\2v.2dus.00183sm.png	183	 -0.110260943351641	 0.665929989443714	 0.737803166911156  223.181434135857 	 -0.951395727295934	 -0.285490361726745	 0.115488366138515	 16.3347377510191 	 0.287556419601872 	 -0.689226017007938 	 0.665063097895625 	 20.0596611880674 	0	0	0	1
C:\downloads\data\MNI\bite-us\group1\02\post\sweep_2v\2d\2v.2dus.00184sm.png	184	 -0.109201356031153	 0.665679184087548	 0.738186998432803  223.146127859838 	 -0.951242975590283	 -0.285496410725957	 0.116724966648622	 16.470659114711 	 0.288464668947693 	 -0.689465752111831 	 0.664420979128178 	 20.3793544374887 	0	0	0	1
C:\downloads\data\MNI\bite-us\group1\02\post\sweep_2v\2d\2v.2dus.00185sm.png	185	 -0.10844965826771	 0.666307489179958	 0.737730823995218  223.383827583219 	 -0.951050111578338	 -0.285571169210953	 0.118105397115539	 16.2838159292359 	 0.289382716982973 	 -0.688827581603836 	 0.664683643923571 	 20.6780727668843 	0	0	0	1
C:\downloads\data\MNI\bite-us\group1\02\post\sweep_2v\2d\2v.2dus.00186sm.png	186	 -0.107156168972137	 0.666586653327074	 0.737667659610444  223.387839712003 	 -0.951147377993671	 -0.284799714333892	 0.119179946801561	 16.1891361414705 	 0.289544851080071 	 -0.688876880379611 	 0.664561934092848 	 21.2114190228049 	0	0	0	1
C:\downloads\data\MNI\bite-us\group1\02\post\sweep_2v\2d\2v.2dus.00187sm.png	187	 -0.106259364525218	 0.665811477010498	 0.738497006010329  223.256615014833 	 -0.951170532094359	 -0.284524750549678	 0.119650942031698	 16.2592212432602 	 0.289799182755975 	 -0.689739620005798 	 0.663555441681181 	 21.4348457611732 	0	0	0	1
C:\downloads\data\MNI\bite-us\group1\02\post\sweep_2v\2d\2v.2dus.00188sm.png	188	 -0.105151306987655	 0.666479393815265	 0.738053005890669  223.34801953688 	 -0.951152252803352	 -0.284030058173854	 0.12096427674918	 16.0395300438467 	 0.2902629749484 	 -0.689298298034598 	 0.663811271557131 	 21.8599513254209 	0	0	0	1
C:\downloads\data\MNI\bite-us\group1\02\post\sweep_2v\2d\2v.2dus.00189sm.png	189	 -0.104264540137864	 0.666872561114014	 0.737823641056167  223.454752316789 	 -0.951242107702928	 -0.283405808581517	 0.121719446616755	 15.7795683289079 	 0.290288405215798 	 -0.689174966823006 	 0.663928197182445 	 22.184125391142 	0	0	0	1
C:\downloads\data\MNI\bite-us\group1\02\post\sweep_2v\2d\2v.2dus.00190sm.png	190	 -0.102730659216194	 0.666958265457737	 0.737961340885981  223.503581854168 	 -0.951159625049878	 -0.282983223823403	 0.12333635401542	 15.7303931520439 	 0.291104413109767 	 -0.689265672416755 	 0.663476603307116 	 22.6751314071362 	0	0	0	1
C:\downloads\data\MNI\bite-us\group1\02\post\sweep_2v\2d\2v.2dus.00191sm.png	191	 -0.10285188755864	 0.666858977422767	 0.738034178491885  223.48506164986 	 -0.950728957491716	 -0.284064966886601	 0.124167324755458	 15.6778639873925 	 0.292465277618282 	 -0.688916684961524 	 0.663240549756181 	 22.6584400765707 	0	0	0	1
C:\downloads\data\MNI\bite-us\group1\02\post\sweep_2v\2d\2v.2dus.00192sm.png	192	 -0.101562949698993	 0.667030476031582	 0.738057712391055  223.554767689193 	 -0.950869292188841	 -0.283192610439971	 0.125081961000947	 15.627176196545 	 0.29245949535061 	 -0.689109780395894 	 0.663042469388078 	 22.9876228194728 	0	0	0	1
C:\downloads\data\MNI\bite-us\group1\02\post\sweep_2v\2d\2v.2dus.00193sm.png	193	 -0.100761362217616	 0.666477741162761	 0.738666676213176  223.365488461079 	 -0.950281200305464	 -0.284346400892282	 0.126920039103096	 15.8438721828106 	 0.294640099494378 	 -0.689169460172307 	 0.662014233326027 	 23.0555091345355 	0	0	0	1
C:\downloads\data\MNI\bite-us\group1\02\post\sweep_2v\2d\2v.2dus.00194sm.png	194	 -0.100241554227486	 0.666515574014814	 0.738703268496223  223.472762546411 	 -0.950432882326506	 -0.283775697645404	 0.127061471633326	 15.8769741947078 	 0.294327992210372 	 -0.68936807513952 	 0.661946269374918 	 23.1862374940566 	0	0	0	1
C:\downloads\data\MNI\bite-us\group1\02\post\sweep_2v\2d\2v.2dus.00195sm.png	195	 -0.0996986702098681	 0.666474069857198	 0.738814182887433  223.477273400386 	 -0.950333656624156	 -0.283795945661787	 0.127756478623829	 15.9911533776412 	 0.294832352779922 	 -0.689399866140046 	 0.661688661935516 	 23.4213729593371 	0	0	0	1
C:\downloads\data\MNI\bite-us\group1\02\post\sweep_2v\2d\2v.2dus.00196sm.png	196	 -0.0979419669807064	 0.664605235643593	 0.740730176367514  223.316135465758 	 -0.950281542190479	 -0.283529610419617	 0.128731690056868	 16.5132869014038 	 0.295588162273179 	 -0.691310958086463 	 0.659353439206662 	 23.6857746326369 	0	0	0	1
C:\downloads\data\MNI\bite-us\group1\02\post\sweep_2v\2d\2v.2dus.00197sm.png	197	 -0.0973243759694517	 0.663995784101708	 0.741357888747837  223.136171777444 	 -0.949661562649197	 -0.284829217646697	 0.130426620007627	 16.803037455862 	 0.297776564337831 	 -0.691362361913004 	 0.658314041764822 	 23.8125780759817 	0	0	0	1
C:\downloads\data\MNI\bite-us\group1\02\post\sweep_2v\2d\2v.2dus.00198sm.png	198	 -0.0962316294894599	 0.663284186603634	 0.742137141460495  223.085072467756 	 -0.949065472259536	 -0.285886365642438	 0.132436973776698	 16.9567232167551 	 0.300023670483826 	 -0.691609046890882 	 0.657033417142321 	 23.92731048759 	0	0	0	1
C:\downloads\data\MNI\bite-us\group1\02\post\sweep_2v\2d\2v.2dus.00199sm.png	199	 -0.0939399275990933	 0.663108128766668	 0.742587984084652  223.172072988476 	 -0.948898046737731	 -0.285354250057452	 0.134763655970033	 16.9132276847648 	 0.301276927261276 	 -0.691997515557475 	 0.656050183235005 	 24.2985486649104 	0	0	0	1
C:\downloads\data\MNI\bite-us\group1\02\post\sweep_2v\2d\2v.2dus.00200sm.png	200	 -0.0907813499602101	 0.66260398446558	 0.743430411217311  223.03930727372 	 -0.948486008165243	 -0.285061672243212	 0.138238442791538	 16.9839526589869 	 0.303534246526096 	 -0.692600752806579 	 0.654370962537176 	 25.0915061751431 	0	0	0	1
C:\downloads\data\MNI\bite-us\group1\02\post\sweep_2v\2d\2v.2dus.00201sm.png	201	 -0.0894040363367557	 0.661520360530369	 0.744561501210825  223.001248222422 	 -0.94782896326072	 -0.286171975211872	 0.140433447398164	 17.191504588851 	 0.305985579220336 	 -0.693178485822451 	 0.652615214170303 	 25.3084888060394 	0	0	0	1
C:\downloads\data\MNI\bite-us\group1\02\post\sweep_2v\2d\2v.2dus.00202sm.png	202	 -0.088256576760421	 0.660871776453042	 0.745274038576573  222.9648655387 	 -0.946981173399272	 -0.28771457693761	 0.142977745146017	 17.2721752391038 	 0.308929496626446 	 -0.693158580200385 	 0.651248010988691 	 25.4454216259579 	0	0	0	1
C:\downloads\data\MNI\bite-us\group1\02\post\sweep_2v\2d\2v.2dus.00203sm.png	203	 -0.0865211495817493	 0.66154787725602	 0.744877603757924  223.24931777337 	 -0.94640330123124	 -0.288122774557358	 0.145950895364756	 16.9413629096063 	 0.31118303632053 	 -0.692343608968425 	 0.651042004452923 	 25.8382745134614 	0	0	0	1
C:\downloads\data\MNI\bite-us\group1\02\post\sweep_2v\2d\2v.2dus.00204sm.png	204	 -0.084820932022717	 0.660831781621018	 0.745708352211749  223.127281926332 	 -0.945617364312789	 -0.28926061678057	 0.148767121976552	 17.0910869460463 	 0.314027402945876 	 -0.692552995791163 	 0.649451612408847 	 25.9676558759977 	0	0	0	1
C:\downloads\data\MNI\bite-us\group1\02\post\sweep_2v\2d\2v.2dus.00205sm.png	205	 -0.0823745317563468	 0.660537730902925	 0.746242968166663  223.203113070564 	 -0.943933348153354	 -0.291913679429088	 0.154180788603221	 17.085456151148 	 0.319694026784864 	 -0.6917198203144 	 0.647572171180555 	 26.022449907167 	0	0	0	1
C:\downloads\data\MNI\bite-us\group1\02\post\sweep_2v\2d\2v.2dus.00206sm.png	206	 -0.0793608116795343	 0.660770538709183	 0.746363473027495  223.431940030072 	 -0.943022131333776	 -0.29246635691059	 0.158644552417185	 16.8816525277785 	 0.323127097879871 	 -0.691263860800942 	 0.646353983602397 	 26.221337809945 	0	0	0	1
C:\downloads\data\MNI\bite-us\group1\02\post\sweep_2v\2d\2v.2dus.00207sm.png	207	 -0.0768964040463783	 0.660006777828759	 0.747296675524709  223.289110377841 	 -0.941174428841604	 -0.295418444173929	 0.164054757630507	 17.2187779552502 	 0.329055675440217 	 -0.690738008265039 	 0.643920581476096 	 26.3407670115955 	0	0	0	1
C:\downloads\data\MNI\bite-us\group1\02\post\sweep_2v\2d\2v.2dus.00208sm.png	208	 -0.075499779540553	 0.659145875867212	 0.748198404361389  223.294118909111 	 -0.938996173300323	 -0.299488769663466	 0.169079643624303	 17.2579836861404 	 0.335538328386904 	 -0.689806633175349 	 0.641569342957525 	 25.8800779426402 	0	0	0	1
C:\downloads\data\MNI\bite-us\group1\02\post\sweep_2v\2d\2v.2dus.00209sm.png	209	 -0.0743440929258305	 0.658623173219778	 0.748774231650984  223.28644059787 	 -0.938007628572131	 -0.301092286875068	 0.171698432037539	 17.4708395028965 	 0.338547846821572 	 -0.68960782368115 	 0.640200592354716 	 25.8823019358774 	0	0	0	1
C:\downloads\data\MNI\bite-us\group1\02\post\sweep_2v\2d\2v.2dus.00210sm.png	210	 -0.0732354308017044	 0.658352263095069	 0.749121665318649  223.240978677331 	 -0.937461484938823	 -0.301745169924039	 0.173525268187366	 17.4902498256322 	 0.34029771661236 	 -0.689581141059639 	 0.639300955615364 	 26.0751489216688 	0	0	0	1
C:\downloads\data\MNI\bite-us\group1\02\post\sweep_2v\2d\2v.2dus.00211sm.png	211	 -0.0717304025745429	 0.659060061599374	 0.748644780993029  223.50707522266 	 -0.936980194822472	 -0.301842930452152	 0.175937840749505	 17.0950951420143 	 0.34193985415119 	 -0.688861873339414 	 0.639200178413853 	 26.3152456763848 	0	0	0	1
C:\downloads\data\MNI\bite-us\group1\02\post\sweep_2v\2d\2v.2dus.00212sm.png	212	 -0.0702972083233049	 0.659279946020622	 0.748587138420386  223.485007488599 	 -0.936218062358568	 -0.302639210660834	 0.178606757063065	 17.0854908121818 	 0.34431677597166 	 -0.688301867602895 	 0.638527150967751 	 26.7974407749244 	0	0	0	1
C:\downloads\data\MNI\bite-us\group1\02\post\sweep_2v\2d\2v.2dus.00213sm.png	213	 -0.0688512509162472	 0.65999026673702	 0.748095464590515  223.747158515457 	 -0.935445770284457	 -0.303313159823934	 0.181486699125084	 16.7490626707654 	 0.346699749212755 	 -0.687323777334974 	 0.638291276690965 	 27.0869540860252 	0	0	0	1
C:\downloads\data\MNI\bite-us\group1\02\post\sweep_2v\2d\2v.2dus.00214sm.png	214	 -0.0666329612408452	 0.660684308864797	 0.747683623301419  224.017444900917 	 -0.935425170708981	 -0.302112069649797	 0.183584017630373	 16.2492341882417 	 0.347188419277415 	 -0.687185958377906 	 0.638174042027371 	 27.5295623142079 	0	0	0	1
C:\downloads\data\MNI\bite-us\group1\02\post\sweep_2v\2d\2v.2dus.00215sm.png	215	 -0.0657743751877219	 0.661329429649906	 0.747189157708838  224.188624593355 	 -0.934318919223517	 -0.303711499644194	 0.186554252350549	 16.0793711689875 	 0.350316840516786 	 -0.685859103943955 	 0.637891741232229 	 27.6853035857756 	0	0	0	1
C:\downloads\data\MNI\bite-us\group1\02\post\sweep_2v\2d\2v.2dus.00216sm.png	216	 -0.0649338090358191	 0.661636908814332	 0.746990452109006  224.34050426345 	 -0.933363534013226	 -0.305084407194123	 0.189079332104968	 16.0847879293275 	 0.353010076086281 	 -0.684952630027526 	 0.637380789347092 	 27.6947514630348 	0	0	0	1
C:\downloads\data\MNI\bite-us\group1\02\post\sweep_2v\2d\2v.2dus.00217sm.png	217	 -0.0636613733222432	 0.66181104006247	 0.746945736731  224.48974536778 	 -0.932914884086853	 -0.305282014040342	 0.190965072829549	 15.988737164063 	 0.354424954815458 	 -0.684696311626479 	 0.636870793284312 	 27.9606936892583 	0	0	0	1
C:\downloads\data\MNI\bite-us\group1\02\post\sweep_2v\2d\2v.2dus.00218sm.png	218	 -0.061313039592308	 0.66091844471466	 0.747931899444933  224.449302167738 	 -0.932202555928099	 -0.30571978935206	 0.193723291365735	 16.164359419113 	 0.356705909534833 	 -0.685362838089787 	 0.634877279617975 	 28.4077058384112 	0	0	0	1
C:\downloads\data\MNI\bite-us\group1\02\post\sweep_2v\2d\2v.2dus.00219sm.png	219	 -0.0601279751395151	 0.661259025243283	 0.747727058483632  224.614466870706 	 -0.931213957931684	 -0.306930355933906	 0.196543111213478	 15.9974803575933 	 0.359479055243598 	 -0.684492701305565 	 0.63425156794914 	 28.5283765976735 	0	0	0	1
C:\downloads\data\MNI\bite-us\group1\02\post\sweep_2v\2d\2v.2dus.00220sm.png	220	 -0.0586761840796032	 0.661897198794931	 0.747277627876958  224.580781246702 	 -0.930344758837039	 -0.307680287851171	 0.199465045697047	 16.0832870832871 	 0.361960958013855 	 -0.683538542216343 	 0.633868947353995 	 29.0322935776558 	0	0	0	1
C:\downloads\data\MNI\bite-us\group1\02\post\sweep_2v\2d\2v.2dus.00221sm.png	221	 -0.056954476196244	 0.661717145899058	 0.747570257194678  224.809708670877 	 -0.929135653029858	 -0.309130028162526	 0.202830860316562	 16.0593643255284 	 0.365326054244684 	 -0.683058595225505 	 0.632454229696605 	 29.0514626288759 	0	0	0	1
C:\downloads\data\MNI\bite-us\group1\02\post\sweep_2v\2d\2v.2dus.00222sm.png	222	 -0.0549526528405916	 0.661361629250665	 0.748034574287067  224.833734693731 	 -0.92839376202409	 -0.309591259317801	 0.205506769542915	 15.9918490167049 	 0.367512215552814 	 -0.683194004298138 	 0.631039811218913 	 29.4316959168869 	0	0	0	1
C:\downloads\data\MNI\bite-us\group1\02\post\sweep_2v\2d\2v.2dus.00223sm.png	223	 -0.0535668492336006	 0.660991662091067	 0.748462001026612  224.671633707426 	 -0.928084571860793	 -0.309558108915957	 0.206948159440966	 16.069720880039 	 0.368496431647789 	 -0.683566968080279 	 0.630061181412754 	 29.6679921021877 	0	0	0	1
C:\downloads\data\MNI\bite-us\group1\02\post\sweep_2v\2d\2v.2dus.00224sm.png	224	 -0.0531526213930475	 0.661416991383274	 0.748115712552859  224.857227169061 	 -0.928125273421927	 -0.309152154389309	 0.207372006479496	 15.8362400299927 	 0.368453898981299 	 -0.683339234162613 	 0.630333032261673 	 29.8071699673553 	0	0	0	1
C:\downloads\data\MNI\bite-us\group1\02\post\sweep_2v\2d\2v.2dus.00225sm.png	225	 -0.0523739380771814	 0.66173020468787	 0.747893626692209  224.868067286116 	 -0.927854012437133	 -0.309166499005858	 0.208561062684208	 15.7443034525896 	 0.369247751807104 	 -0.683029437210587 	 0.630204257590512 	 30.1529929452787 	0	0	0	1
C:\downloads\data\MNI\bite-us\group1\02\post\sweep_2v\2d\2v.2dus.00226sm.png	226	 -0.0511324583081689	 0.661227993702514	 0.748423549161582  224.962960851355 	 -0.927438645776121	 -0.309432741899529	 0.210008634651287	 15.7980366595486 	 0.370463264073941 	 -0.683395140884603 	 0.629093446502412 	 30.3145075925695 	0	0	0	1
C:\downloads\data\MNI\bite-us\group1\02\post\sweep_2v\2d\2v.2dus.00227sm.png	227	 -0.0490091159523523	 0.661491875410265	 0.748332440497593  225.105375643264 	 -0.926806819596687	 -0.309417076768019	 0.212802351491612	 15.6211125401111 	 0.372326772744914 	 -0.68314681538491 	 0.628262459246577 	 30.9959995329719 	0	0	0	1
C:\downloads\data\MNI\bite-us\group1\02\post\sweep_2v\2d\2v.2dus.00228sm.png	228	 -0.0469655189953232	 0.663039616904514	 0.747092747061856  225.300851446005 	 -0.926080985787696	 -0.309228126072449	 0.216209555204675	 15.1133038439951 	 0.374390501733136 	 -0.681730469071786 	 0.628574462992067 	 31.7585486554927 	0	0	0	1
C:\downloads\data\MNI\bite-us\group1\02\post\sweep_2v\2d\2v.2dus.00229sm.png	229	 -0.0458279446723119	 0.663332717743885	 0.746903200965147  225.477191973244 	 -0.925683741625713	 -0.309264269541141	 0.217852694462004	 14.8961295898795 	 0.37551219684177 	 -0.681428879015042 	 0.628232291356997 	 32.027130513065 	0	0	0	1
C:\downloads\data\MNI\bite-us\group1\02\post\sweep_2v\2d\2v.2dus.00230sm.png	230	 -0.0440278823465779	 0.66349310603267	 0.746869040999448  225.507889908822 	 -0.925493697699883	 -0.308606072974854	 0.219586546200602	 14.7370440048761 	 0.37619537622607 	 -0.681571118791106 	 0.62766900857399 	 32.3842159083027 	0	0	0	1
C:\downloads\data\MNI\bite-us\group1\02\post\sweep_2v\2d\2v.2dus.00231sm.png	231	 -0.042576497522938	 0.664250002564998	 0.746280188856711  225.641540725637 	 -0.925092277972504	 -0.308332704628789	 0.221652278224124	 14.4780004278341 	 0.377348007937398 	 -0.680957324175822 	 0.627643328075785 	 32.7305395040703 	0	0	0	1
C:\downloads\data\MNI\bite-us\group1\02\post\sweep_2v\2d\2v.2dus.00232sm.png	232	 -0.0414649989453849	 0.66460907615602	 0.746023051691836  225.819504511645 	 -0.924252866172371	 -0.30913811329709	 0.224019532309312	 14.2225631149334 	 0.379522454190285 	 -0.680241429786629 	 0.627108328351903 	 32.8481610042056 	0	0	0	1
C:\downloads\data\MNI\bite-us\group1\02\post\sweep_2v\2d\2v.2dus.00233sm.png	233	 -0.0395589049945506	 0.665690096656367	 0.745162252857242  226.073265337049 	 -0.924281227590223	 -0.30773102550483	 0.225832404746448	 13.8388156760536 	 0.379656825778153 	 -0.679822264386349 	 0.627481427520493 	 33.4256500867697 	0	0	0	1
C:\downloads\data\MNI\bite-us\group1\02\post\sweep_2v\2d\2v.2dus.00234sm.png	234	 -0.0372737756070036	 0.665450147353644	 0.745494338171772  226.102786026705 	 -0.923680506134424	 -0.307633261372055	 0.228408642823142	 13.836017805216 	 0.381346283893331 	 -0.68010137324123 	 0.626153083229271 	 33.934590828157 	0	0	0	1
C:\downloads\data\MNI\bite-us\group1\02\post\sweep_2v\2d\2v.2dus.00235sm.png	235	 -0.0354357013749931	 0.665074230318498	 0.745919338191218  226.025349045801 	 -0.922813312573425	 -0.308284251927397	 0.23102118442287	 13.9310310423672 	 0.383614260951445 	 -0.680174307203546 	 0.624686764114808 	 34.4617247356263 	0	0	0	1
C:\downloads\data\MNI\bite-us\group1\02\post\sweep_2v\2d\2v.2dus.00236sm.png	236	 -0.0343075229749498	 0.665035698422101	 0.746006445141354  226.047570655444 	 -0.922542909516556	 -0.308154610783117	 0.232270692546737	 13.8377619776026 	 0.384366457912304 	 -0.680270722343197 	 0.624119146631009 	 34.8591762019482 	0	0	0	1
C:\downloads\data\MNI\bite-us\group1\02\post\sweep_2v\2d\2v.2dus.00237sm.png	237	 -0.0332178505616135	 0.666097068100044	 0.74510830618783  226.307494944726 	 -0.922131826357021	 -0.307946602073919	 0.234171123433745	 13.5395749337205 	 0.385447103016135 	 -0.679325832086233 	 0.624481782760459 	 35.125181824791 	0	0	0	1
C:\downloads\data\MNI\bite-us\group1\02\post\sweep_2v\2d\2v.2dus.00238sm.png	238	 -0.0312288451712467	 0.666234048115328	 0.745071881684718  226.391487737501 	 -0.921110580679098	 -0.308591453504857	 0.237320257409513	 13.4611810223769 	 0.388046462927166 	 -0.678898746467853 	 0.623335372448794 	 35.5564630014287 	0	0	0	1
C:\downloads\data\MNI\bite-us\group1\02\post\sweep_2v\2d\2v.2dus.00239sm.png	239	 -0.0299083943163816	 0.667019234668982	 0.744423271191281  226.612255565286 	 -0.920421537621984	 -0.308804289980003	 0.239704743193409	 13.1114324805401 	 0.389781581184898 	 -0.67803042046176 	 0.623197905483848 	 36.1121621721696 	0	0	0	1
C:\downloads\data\MNI\bite-us\group1\02\post\sweep_2v\2d\2v.2dus.00240sm.png	240	 -0.0267020715159329	 0.667198682897451	 0.744384415752792  226.731942213334 	 -0.920337396579319	 -0.307087318948423	 0.242220280368867	 12.7635845281849 	 0.390212859647603 	 -0.678633403304742 	 0.622270983866677 	 36.9695476251132 	0	0	0	1
C:\downloads\data\MNI\bite-us\group1\02\post\sweep_2v\2d\2v.2dus.00241sm.png	241	 -0.0250730509987412	 0.668668778268035	 0.743120900364483  227.09772848389 	 -0.920208144172766	 -0.305905778164001	 0.244198273362426	 12.1400700179129 	 0.390625541294637 	 -0.67771949939146 	 0.623007649012667 	 37.3764120157192 	0	0	0	1
C:\downloads\data\MNI\bite-us\group1\02\post\sweep_2v\2d\2v.2dus.00242sm.png	242	 -0.024203188545083	 0.668798030470071	 0.743033432883605  227.231992081181 	 -0.919755432003519	 -0.306150770515553	 0.245592761291234	 12.0297402447957 	 0.391745007580533 	 -0.677481291366844 	 0.622563661980485 	 37.5650123929708 	0	0	0	1
C:\downloads\data\MNI\bite-us\group1\02\post\sweep_2v\2d\2v.2dus.00243sm.png	243	 -0.0231658536063049	 0.668909500966311	 0.742966167033258  227.239597935555 	 -0.919645055109808	 -0.305710732028779	 0.246552340773339	 11.9335729620333 	 0.392066723707547 	 -0.677569943134603 	 0.622264588340921 	 37.9527235988587 	0	0	0	1
C:\downloads\data\MNI\bite-us\group1\02\post\sweep_2v\2d\2v.2dus.00244sm.png	244	 -0.0218345318737902	 0.670436592729179	 0.74162884851334  227.657358780534 	 -0.919601697825284	 -0.304510644431542	 0.248193646352059	 11.2576232823605 	 0.392244783999364 	 -0.676600356604677 	 0.623206679170921 	 38.4388695822829 	0	0	0	1
C:\downloads\data\MNI\bite-us\group1\02\post\sweep_2v\2d\2v.2dus.00245sm.png	245	 -0.0208385130670476	 0.672054583523564	 0.740191681082195  228.097806210651 	 -0.920183297312885	 -0.302386995795564	 0.248634025208317	 10.7189552314597 	 0.390932802051122 	 -0.675947291982668 	 0.624737862439459 	 39.0047352183078 	0	0	0	1
C:\downloads\data\MNI\bite-us\group1\02\post\sweep_2v\2d\2v.2dus.00246sm.png	246	 -0.0206482079840272	 0.671451647424833	 0.74074400133925  228.03193534282 	 -0.919575832642425	 -0.303527802579853	 0.249489949080266	 10.8267363720385 	 0.392369646541421 	 -0.676035175291584 	 0.623741204176735 	 39.0630195538143 	0	0	0	1
C:\downloads\data\MNI\bite-us\group1\02\post\sweep_2v\2d\2v.2dus.00247sm.png	247	 -0.0201712523067514	 0.671766851890608	 0.74047131208538  228.198409028766 	 -0.918833764098849	 -0.304419305949727	 0.251132355106628	 10.7309939657783 	 0.394128956729035 	 -0.675320799965519 	 0.623405787747559 	 38.9416490375132 	0	0	0	1
C:\downloads\data\MNI\bite-us\group1\02\post\sweep_2v\2d\2v.2dus.00248sm.png	248	 -0.0189870183525102	 0.671379318010154	 0.740854019020768  228.153787324313 	 -0.91796193424305	 -0.305352122934506	 0.253179796124005	 10.9076858056853 	 0.396213806441471 	 -0.675285045271707 	 0.622121622623248 	 38.954712238781 	0	0	0	1
