..\bite-us\group1\02\post\sweep_2u\2d\2u.2dus.00001sm.png	1	0.121951373842567	0.152504142458545	-0.0659716889639732	165.07701383168063	-0.061978890206165	-0.0341821551944523	-0.19356528838894	-28.664426970040267	-0.154155217072803	0.134395037623811	0.0256349180879036	-125.65875606196572	0	0	0	1
..\bite-us\group1\02\post\sweep_2u\2d\2u.2dus.00002sm.png	2	0.122016619250475	0.152479380567797	-0.0659082403648654	165.0491981243137	-0.0623448673794947	-0.0337682620531597	-0.193520376174874	-28.819350661788825	-0.153955881674454	0.134527700932669	0.0261323840544383	-125.79616927365845	0	0	0	1
..\bite-us\group1\02\post\sweep_2u\2d\2u.2dus.00003sm.png	3	0.122020751885053	0.152526112725934	-0.0657923846656507	164.90362230888388	-0.0625731082098098	-0.0334207936918349	-0.193507010199986	-28.949560505488989	-0.153859980509586	0.134561490867124	0.0265204216161037	-125.91467876427166	0	0	0	1
..\bite-us\group1\02\post\sweep_2u\2d\2u.2dus.00004sm.png	4	0.122126741280813	0.152536988941401	-0.0655701470066775	164.92639828315049	-0.06266086218842	-0.0330386476319626	-0.193544212925162	-29.175402224395015	-0.153740127416279	0.134643507478086	0.0267978936472299	-125.8424142396762	0	0	0	1
..\bite-us\group1\02\post\sweep_2u\2d\2u.2dus.00005sm.png	5	0.122164424643396	0.152622719554959	-0.0652999544966982	164.88805071330182	-0.0627501403364856	-0.0326091990308924	-0.193588091850862	-29.419665105568392	-0.153673760295438	0.134651048836879	0.0271385385659843	-125.91639240426143	0	0	0	1
..\bite-us\group1\02\post\sweep_2u\2d\2u.2dus.00006sm.png	6	0.122155354903389	0.152654345412234	-0.0652429909523055	164.77941091174685	-0.0631891437086728	-0.0321540221006814	-0.193521394830422	-29.686432838191081	-0.153500986152638	0.134724641503219	0.0277444681641497	-125.95016771054419	0	0	0	1
..\bite-us\group1\02\post\sweep_2u\2d\2u.2dus.00007sm.png	7	0.122398482473847	0.152529861702624	-0.0650781939278429	164.71942029166289	-0.0631819032825037	-0.0318954556393954	-0.193566528894905	-29.756411983852104	-0.153310175623604	0.134926945185879	0.0278165635169824	-126.29966407219381	0	0	0	1
..\bite-us\group1\02\post\sweep_2u\2d\2u.2dus.00008sm.png	8	0.122382096727466	0.152601279475378	-0.0649414829481911	164.57170851856677	-0.0632771302584382	-0.0316419406310292	-0.193577016355913	-29.923754904317676	-0.153283980085612	0.134905879909808	0.0280620058167363	-126.35921582238912	0	0	0	1
..\bite-us\group1\02\post\sweep_2u\2d\2u.2dus.00009sm.png	9	0.122681206843963	0.152461350150898	-0.0647052721644691	164.61646022732319	-0.0631579002760189	-0.031377575724035	-0.193658955967068	-30.11786061783873	-0.153093933531259	0.135125659260214	0.0280422924721436	-126.53733077706988	0	0	0	1
..\bite-us\group1\02\post\sweep_2u\2d\2u.2dus.00010sm.png	10	0.122567739585206	0.152595497010029	-0.0646040869424792	164.46479125052295	-0.0633148505565258	-0.0311371518335047	-0.193646498361361	-30.261896001636842	-0.153119986533498	0.135029816731784	0.0283598177345768	-126.56853725526904	0	0	0	1
..\bite-us\group1\02\post\sweep_2u\2d\2u.2dus.00011sm.png	11	0.122760766477331	0.152460611886156	-0.0645559473101798	164.46502688881506	-0.0635832448392316	-0.0307932306272659	-0.193613531580502	-30.499418930817285	-0.152853905915593	0.135260852095108	0.0286925721230695	-126.76015876514408	0	0	0	1
..\bite-us\group1\02\post\sweep_2u\2d\2u.2dus.00012sm.png	12	0.123073028698501	0.152276891544234	-0.064394708358488	164.50569606271785	-0.063611467789308	-0.0304885563538122	-0.193652458916366	-30.722055736957444	-0.152590832413708	0.135536546996541	0.0287920185172331	-126.82167523103683	0	0	0	1
..\bite-us\group1\02\post\sweep_2u\2d\2u.2dus.00013sm.png	13	0.12322007327543	0.152303611731477	-0.06404940832727	164.35074364421035	-0.0635263247731367	-0.0300895262237001	-0.193742779765148	-30.963285355355353	-0.152507609537544	0.135595684311266	0.0289541399635045	-127.1887226348986	0	0	0	1
..\bite-us\group1\02\post\sweep_2u\2d\2u.2dus.00014sm.png	14	0.123413580990662	0.152198633652215	-0.0639262033838004	164.32750989677902	-0.0636979121473385	-0.0297329034801426	-0.193741481444304	-31.194038469415212	-0.152279399063602	0.135792082625236	0.0292337566509279	-127.37696472988026	0	0	0	1
..\bite-us\group1\02\post\sweep_2u\2d\2u.2dus.00015sm.png	15	0.123664499430945	0.152094192626915	-0.0636893727465146	164.15023488631851	-0.063571132875765	-0.0294829911277918	-0.193821286221388	-31.376913064092918	-0.152128741562619	0.135963484590477	0.0292216776703284	-127.60913368567874	0	0	0	1
..\bite-us\group1\02\post\sweep_2u\2d\2u.2dus.00016sm.png	16	0.123696957470037	0.152134107956301	-0.0635308377089293	164.04450655238838	-0.063816694188796	-0.0290533402760938	-0.193805446919507	-31.59310175786915	-0.151999485589623	0.136011308183554	0.0296684182854121	-127.76883016005114	0	0	0	1
..\bite-us\group1\02\post\sweep_2u\2d\2u.2dus.00017sm.png	17	0.124176521421912	0.151817631185337	-0.0633519223089704	164.1351667400784	-0.0638454042845137	-0.0286796043101614	-0.193851634010123	-31.898896573747024	-0.151595868160517	0.136443565244189	0.0297491440312085	-128.26818827297538	0	0	0	1
..\bite-us\group1\02\post\sweep_2u\2d\2u.2dus.00018sm.png	18	0.124291185789605	0.151787526015751	-0.0631990014436844	163.93787817807222	-0.0640930519053178	-0.0282321777256582	-0.193835568636412	-32.383775440652229	-0.151397269448681	0.136570313119448	0.0301760200680306	-128.3563463532607	0	0	0	1
..\bite-us\group1\02\post\sweep_2u\2d\2u.2dus.00019sm.png	19	0.124472025477129	0.151750655525875	-0.0629310486658191	163.82588109234837	-0.0641635612249076	-0.027779868256253	-0.193877566836137	-32.608298314882433	-0.151218727836862	0.136703975091407	0.030464829406149	-128.65751016325802	0	0	0	1
..\bite-us\group1\02\post\sweep_2u\2d\2u.2dus.00020sm.png	20	0.12478415972187	0.151582049271824	-0.062718792415995	163.84559240144119	-0.0641776115756674	-0.0274150537018073	-0.193924823296738	-32.887348514943973	-0.150955288145166	0.136964435193013	0.0306014644491813	-128.95642051831794	0	0	0	1
..\bite-us\group1\02\post\sweep_2u\2d\2u.2dus.00021sm.png	21	0.125050969109193	0.151435466541152	-0.0625411461008394	163.88709681932966	-0.0640721462203884	-0.027214146066654	-0.193987976513629	-33.083255480333385	-0.150779198059962	0.137166501252988	0.0305647452429663	-129.12030532655743	0	0	0	1
..\bite-us\group1\02\post\sweep_2u\2d\2u.2dus.00022sm.png	22	0.124993994920418	0.151573753294243	-0.0623197390455328	163.79741312627377	-0.0640777277859382	-0.0269403310832462	-0.19402433676895	-33.2870966687154	-0.150824061076693	0.137067775979917	0.0307853943598588	-129.10418912116603	0	0	0	1
..\bite-us\group1\02\post\sweep_2u\2d\2u.2dus.00023sm.png	23	0.125097233740864	0.151598908262655	-0.0620508416116542	163.75195056889712	-0.0640562697129195	-0.0265884601085599	-0.194079936930436	-33.508458085522456	-0.150747563114267	0.137108658155808	0.0309774882065914	-129.12400051391535	0	0	0	1
..\bite-us\group1\02\post\sweep_2u\2d\2u.2dus.00024sm.png	24	0.125258873540277	0.151512930320668	-0.0619345952671878	163.82051686430989	-0.0639011604797072	-0.0265382306270069	-0.194137933379168	-33.590824475282908	-0.150679154672463	0.137213387100136	0.0308464320721463	-129.10811109941324	0	0	0	1
..\bite-us\group1\02\post\sweep_2u\2d\2u.2dus.00025sm.png	25	0.125318821241599	0.151642752781857	-0.0614941211582162	163.72451074644971	-0.0638946717927773	-0.025963919239148	-0.19421768501276	-33.990883140861769	-0.150632052774799	0.137179844602416	0.0312233491235206	-129.21208546335694	0	0	0	1
..\bite-us\group1\02\post\sweep_2u\2d\2u.2dus.00026sm.png	26	0.125594060857687	0.151565124776776	-0.0611228117501461	163.70551117106294	-0.0637388221274479	-0.0255568411113017	-0.194322842542271	-34.295800847022434	-0.150468753550767	0.137341982519809	0.031298057276355	-129.36967115101044	0	0	0	1
..\bite-us\group1\02\post\sweep_2u\2d\2u.2dus.00027sm.png	27	0.125703883279087	0.151654047361767	-0.0606749098228092	163.5717246692117	-0.0635614343687391	-0.0251149913023492	-0.194438501487273	-34.613844493771516	-0.150452082583082	0.13732533076362	0.0314508838763552	-129.41923071497172	0	0	0	1
..\bite-us\group1\02\post\sweep_2u\2d\2u.2dus.00028sm.png	28	0.125883839056471	0.151633029947368	-0.0603534874708611	163.54990177219346	-0.063497738361822	-0.0247124665960885	-0.194510859000416	-34.843579494097028	-0.150328465871832	0.137421532382584	0.0316214471561792	-129.55356459010989	0	0	0	1
..\bite-us\group1\02\post\sweep_2u\2d\2u.2dus.00029sm.png	29	0.126163826761484	0.151566669662718	-0.0599340431364651	163.46427170418761	-0.0634025416756429	-0.0241852818299667	-0.194608130554341	-35.36293782793603	-0.150133799958594	0.137588430214234	0.0318201136812388	-129.75350509631221	0	0	0	1
..\bite-us\group1\02\post\sweep_2u\2d\2u.2dus.00030sm.png	30	0.126510003317889	0.151526139557241	-0.0593034780824587	163.31159703291127	-0.0630927949602099	-0.0235646793314844	-0.194784830624761	-35.923949350061122	-0.149972896380169	0.137740677570366	0.0319202268950689	-129.95731073995091	0	0	0	1
..\bite-us\group1\02\post\sweep_2u\2d\2u.2dus.00031sm.png	31	0.126709560804261	0.151488465605581	-0.0589727421130226	163.22541084767491	-0.0632546332450131	-0.0229354421912211	-0.194807422760293	-36.349675129722826	-0.149736067591849	0.137888250473416	0.0323916249112257	-130.10867218989077	0	0	0	1
..\bite-us\group1\02\post\sweep_2u\2d\2u.2dus.00032sm.png	32	0.126942197188142	0.151434626841269	-0.0586095678820297	163.14175514964791	-0.0631854573716577	-0.0224669159268255	-0.194884436676271	-36.677999629332504	-0.149568138030202	0.138024457328555	0.0325869380777076	-130.36950460047095	0	0	0	1
..\bite-us\group1\02\post\sweep_2u\2d\2u.2dus.00033sm.png	33	0.127230821803259	0.151354864737124	-0.0581882026107413	163.08218461010395	-0.0630326414506559	-0.0219842313566261	-0.194988924211099	-37.073410442853756	-0.149387266723308	0.13818957207664	0.0327167564277964	-130.6160654200589	0	0	0	1
..\bite-us\group1\02\post\sweep_2u\2d\2u.2dus.00034sm.png	34	0.127598606525717	0.15114161504382	-0.0579364849978728	162.98946127311351	-0.0628128403754759	-0.021759469659443	-0.195085033622836	-37.349680414020028	-0.149165994987801	0.138458286211931	0.0325902899909528	-130.79884526222983	0	0	0	1
..\bite-us\group1\02\post\sweep_2u\2d\2u.2dus.00035sm.png	35	0.127750177038256	0.151065466578513	-0.0578008660921805	163.01378781709275	-0.0627753127820035	-0.0215763673455011	-0.195117440488133	-37.599011341738965	-0.149052016879532	0.13856999862253	0.0326370638320865	-130.96990369234945	0	0	0	1
..\bite-us\group1\02\post\sweep_2u\2d\2u.2dus.00036sm.png	36	0.128104559707046	0.150913876925536	-0.057411114478953	162.96862298037544	-0.0626842521313167	-0.0210566118712492	-0.195203461078966	-38.198412073066123	-0.14878594584517	0.138814913415192	0.0328101562980623	-131.19312122957334	0	0	0	1
..\bite-us\group1\02\post\sweep_2u\2d\2u.2dus.00037sm.png	37	0.128387579494099	0.150716603532708	-0.0572968829720063	162.98058484424953	-0.0625870209773818	-0.0209187895995385	-0.195249467969463	-38.345133541818122	-0.148582790392641	0.139049879539374	0.0327360061485848	-131.42997068446212	0	0	0	1
..\bite-us\group1\02\post\sweep_2u\2d\2u.2dus.00038sm.png	38	0.128818541608374	0.150588418120352	-0.0566630522602028	162.89142082512535	-0.0623914441736141	-0.0201564894453335	-0.195392166292737	-39.033331115547725	-0.148291747564936	0.139301125623269	0.0329868685875924	-131.69029697175961	0	0	0	1
..\bite-us\group1\02\post\sweep_2u\2d\2u.2dus.00039sm.png	39	0.129089150336908	0.150449868805116	-0.0564146103733251	162.85891811942255	-0.0623903823205638	-0.0197564274295361	-0.195433347190392	-39.442289207553102	-0.148056687870658	0.139507992209782	0.033168240556471	-132.10789869477409	0	0	0	1
..\bite-us\group1\02\post\sweep_2u\2d\2u.2dus.00040sm.png	40	0.129287554962407	0.15032084681068	-0.0563040119427486	162.93356833804745	-0.0623484711067557	-0.0195943689645471	-0.195463029956424	-39.586583153444344	-0.147901141464605	0.139669835890435	0.033181256736764	-132.34299787125306	0	0	0	1
..\bite-us\group1\02\post\sweep_2u\2d\2u.2dus.00041sm.png	41	0.129498214423634	0.150203755974721	-0.0561320444584858	162.87727253519066	-0.062156235407236	-0.0194908670137699	-0.195534586453904	-39.79941966479484	-0.147797720635777	0.139810218270331	0.033050759816343	-132.46351876429486	0	0	0	1
..\bite-us\group1\02\post\sweep_2u\2d\2u.2dus.00042sm.png	42	0.129622737556111	0.150205075111101	-0.0558403473394718	162.85386230656454	-0.062031371441582	-0.0191928209245882	-0.19560369788269	-40.184545213870273	-0.14774101065573	0.139850028153321	0.0331358208416615	-132.43899576996284	0	0	0	1
..\bite-us\group1\02\post\sweep_2u\2d\2u.2dus.00043sm.png	43	0.129749577289842	0.150181931540519	-0.0556075223387196	162.71722446676011	-0.0619872025867163	-0.0188941816270067	-0.195646759897195	-40.441061087372006	-0.147648180729127	0.13991553408419	0.0332728483948138	-132.69450593756429	0	0	0	1
..\bite-us\group1\02\post\sweep_2u\2d\2u.2dus.00044sm.png	44	0.129982914812837	0.150044206319494	-0.0554340152122468	162.68286216868319	-0.0618728377983913	-0.0187078956062655	-0.195700848848061	-40.772385205703301	-0.147490830777961	0.140088222669137	0.0332442680295882	-132.71751278547251	0	0	0	1
..\bite-us\group1\02\post\sweep_2u\2d\2u.2dus.00045sm.png	45	0.130070101902059	0.150034922915143	-0.0552543417404785	162.63940282304034	-0.0619568901522513	-0.0183678541994149	-0.195706455555299	-41.106204640241856	-0.147378640643379	0.140143152442835	0.0335093212708723	-132.70383962915068	0	0	0	1
..\bite-us\group1\02\post\sweep_2u\2d\2u.2dus.00046sm.png	46	0.130214772598216	0.149986861378963	-0.0550436474515633	162.66322842786047	-0.0617070393806503	-0.0182876755643391	-0.195792881511634	-41.179005435337402	-0.147355711297901	0.140205070075232	0.0333508330304557	-132.93012918685375	0	0	0	1
..\bite-us\group1\02\post\sweep_2u\2d\2u.2dus.00047sm.png	47	0.130228036198187	0.150076576681097	-0.0547671052846175	162.61257174870218	-0.0616436077306072	-0.0179830668228735	-0.195841061171669	-41.427397145884704	-0.147370538364895	0.140148456209787	0.0335227769900478	-132.96969299547845	0	0	0	1
..\bite-us\group1\02\post\sweep_2u\2d\2u.2dus.00048sm.png	48	0.13021987503871	0.150202275117367	-0.0544410415787017	162.48225771163376	-0.0616414552769114	-0.0175620898775127	-0.195879924598668	-41.74991949582369	-0.147378650083001	0.140067158489635	0.0338254603852242	-132.87164975103147	0	0	0	1
..\bite-us\group1\02\post\sweep_2u\2d\2u.2dus.00049sm.png	49	0.130456310244654	0.150083132824374	-0.0542029736878622	162.55639754970363	-0.0615687102835965	-0.0172496503221147	-0.195930550034277	-42.087138660382465	-0.147199851886493	0.140233598484977	0.0339144636679503	-133.03476858815625	0	0	0	1
..\bite-us\group1\02\post\sweep_2u\2d\2u.2dus.00050sm.png	50	0.130541825200263	0.150055982951002	-0.0540720829123601	162.48481824248859	-0.0616210826375024	-0.0170029905724646	-0.195935638135387	-42.188299403082524	-0.147102091800241	0.140292764000361	0.0340935360035265	-133.33154492286852	0	0	0	1
..\bite-us\group1\02\post\sweep_2u\2d\2u.2dus.00051sm.png	51	0.13068736155746	0.150088227355412	-0.0536292584237802	162.4159015420982	-0.0614512069488272	-0.0165424442819613	-0.196028377897171	-42.591071864382627	-0.14704391880565	0.140313331102743	0.0342594707948844	-133.37916323716306	0	0	0	1
..\bite-us\group1\02\post\sweep_2u\2d\2u.2dus.00052sm.png	52	0.130754036498115	0.150146481093443	-0.0533027312360179	162.35577522355362	-0.061535258145085	-0.0160152883206412	-0.196045770929978	-43.125250940893572	-0.146949465152166	0.140312166592647	0.0346671051932194	-133.47958927236189	0	0	0	1
..\bite-us\group1\02\post\sweep_2u\2d\2u.2dus.00053sm.png	53	0.131107719235662	0.149925741947535	-0.053054566254247	162.39801265811462	-0.0613770514666177	-0.0157331033302355	-0.196118192745203	-43.543488490849377	-0.146700289277586	0.140579873025057	0.0346381453480862	-133.70487461318763	0	0	0	1
..\bite-us\group1\02\post\sweep_2u\2d\2u.2dus.00054sm.png	54	0.131098514715454	0.149991075717567	-0.0528924482053498	162.38699027301072	-0.0613611703044334	-0.0155390859662514	-0.196138623974531	-43.732567767313313	-0.146715157984145	0.140531752109906	0.034770141608114	-133.64343794897204	0	0	0	1
..\bite-us\group1\02\post\sweep_2u\2d\2u.2dus.00055sm.png	55	0.131191749853503	0.149976966370448	-0.0527009316552453	162.40663302078437	-0.0612408827674603	-0.0153748766787867	-0.196189148124344	-43.943641127937681	-0.146682072566072	0.140564867815856	0.0347759054539144	-133.75119362697069	0	0	0	1
..\bite-us\group1\02\post\sweep_2u\2d\2u.2dus.00056sm.png	56	0.131296107529766	0.149958024433066	-0.0524945334223652	162.43279229833453	-0.0611113960428529	-0.0151964988255807	-0.196243410377765	-44.295370878899959	-0.146642697688177	0.140604468884298	0.0347819131632883	-133.84583727466111	0	0	0	1
..\bite-us\group1\02\post\sweep_2u\2d\2u.2dus.00057sm.png	57	0.131482298398176	0.149848769016533	-0.0523402031034726	162.38290684224475	-0.0612007813930119	-0.0148505355737929	-0.196242029917094	-44.730053083872527	-0.146438454406137	0.140757832308049	0.0350214573130781	-134.08449522276732	0	0	0	1
..\bite-us\group1\02\post\sweep_2u\2d\2u.2dus.00058sm.png	58	0.131614858485896	0.149835666622839	-0.0520437032671267	162.35406734673279	-0.0608752328567581	-0.0147335202444919	-0.196352073276975	-44.978967876401498	-0.14645506619579	0.140784074836447	0.0348460888666578	-134.19455795965416	0	0	0	1
..\bite-us\group1\02\post\sweep_2u\2d\2u.2dus.00059sm.png	59	0.131890032481551	0.149704353266192	-0.0517239016849764	162.40972309385961	-0.0606000788093913	-0.0144930320151804	-0.196455051424415	-45.281095626192794	-0.146321567598052	0.140948635945218	0.0347416810695699	-134.4840939631838	0	0	0	1
..\bite-us\group1\02\post\sweep_2u\2d\2u.2dus.00060sm.png	60	0.131943032694077	0.149726755373917	-0.051523519854867	162.35169622590539	-0.0606826632967261	-0.0141338631739662	-0.196455717549133	-45.709380641325438	-0.146239535908544	0.140961313755365	0.0350344342504126	-134.41117036229727	0	0	0	1
..\bite-us\group1\02\post\sweep_2u\2d\2u.2dus.00061sm.png	61	0.132052844254373	0.149675799809467	-0.0513900387129584	162.31617901701682	-0.0605770373093686	-0.0140259642077893	-0.196496041774079	-45.972558547336291	-0.146184199690631	0.141026191248639	0.0350043301239463	-134.49061488164131	0	0	0	1
..\bite-us\group1\02\post\sweep_2u\2d\2u.2dus.00062sm.png	62	0.132249152917315	0.149632282325409	-0.051010530241458	162.25947955606327	-0.0602497181183557	-0.0137816305112317	-0.196613924318459	-46.145947793207995	-0.146142000750475	0.141096442496616	0.0348973381192129	-134.65187436723454	0	0	0	1
..\bite-us\group1\02\post\sweep_2u\2d\2u.2dus.00063sm.png	63	0.132200752577941	0.149750139635892	-0.0507897490453474	162.25589331965315	-0.060228880295025	-0.0135268877174299	-0.196637991336407	-46.421020353205733	-0.14619437184883	0.140996022377833	0.0350832637352894	-134.5482870035024	0	0	0	1
..\bite-us\group1\02\post\sweep_2u\2d\2u.2dus.00064sm.png	64	0.132305368538016	0.149798473349787	-0.050373142144256	162.10234754690791	-0.0601474360740572	-0.013025174187353	-0.196696771226534	-46.932143220298443	-0.146133249993892	0.14099192018737	0.0353533644622033	-134.57138570305631	0	0	0	1
..\bite-us\group1\02\post\sweep_2u\2d\2u.2dus.00065sm.png	65	0.132521258090027	0.149755941159471	-0.0499301397846192	162.00306917918411	-0.0600150367140084	-0.0125021355331083	-0.196771125027016	-47.427832398374036	-0.145991995967221	0.141084421653181	0.0355673886575459	-134.60391588559102	0	0	0	1
..\bite-us\group1\02\post\sweep_2u\2d\2u.2dus.00066sm.png	66	0.132704732426773	0.149707759170251	-0.0495861148075522	161.97334741214723	-0.0599395776716268	-0.0120638924532934	-0.196821464215025	-47.74619188796013	-0.145856273036596	0.141173682681146	0.0357695692142355	-134.81713282643034	0	0	0	1
..\bite-us\group1\02\post\sweep_2u\2d\2u.2dus.00067sm.png	67	0.132845472102785	0.149641693750701	-0.0494083144518955	161.99053108037967	-0.0598566263027987	-0.0118649064143821	-0.196858796062129	-47.952586414118208	-0.145762190548426	0.141260563590335	0.0358101454230218	-134.80723745128682	0	0	0	1
..\bite-us\group1\02\post\sweep_2u\2d\2u.2dus.00068sm.png	68	0.132960186012981	0.14961887526913	-0.0491682575307885	161.81347425783807	-0.0597642472681423	-0.0116013865695359	-0.196902557941719	-48.200838983196675	-0.145695487397195	0.141306614606409	0.0358998435459031	-134.97612422212597	0	0	0	1
..\bite-us\group1\02\post\sweep_2u\2d\2u.2dus.00069sm.png	69	0.133111280321299	0.149547571679518	-0.0489759381770647	161.70708338330567	-0.0599870875150699	-0.0110824340397289	-0.19686467065352	-48.55818577022734	-0.145465761424207	0.141423699566848	0.0363674657817073	-134.98085033402305	0	0	0	1
..\bite-us\group1\02\post\sweep_2u\2d\2u.2dus.00070sm.png	70	0.133224159053464	0.149567138648682	-0.0486079067041501	161.60747207592385	-0.0598805309915263	-0.0106641617751008	-0.196920195316483	-48.857051486372043	-0.145406316288911	0.14143516546015	0.0365601110718357	-135.11235181394898	0	0	0	1
..\bite-us\group1\02\post\sweep_2u\2d\2u.2dus.00071sm.png	71	0.133496142702843	0.149418515145621	-0.0483178131838912	161.60676583402383	-0.0599137061192789	-0.0101590587326253	-0.196936797779462	-49.417974382687973	-0.145142960788856	0.141629305569167	0.0368540397883887	-135.35171022426266	0	0	0	1
..\bite-us\group1\02\post\sweep_2u\2d\2u.2dus.00072sm.png	72	0.133628332477242	0.149346016183384	-0.0481762915598044	161.71161067545918	-0.0602470946459116	-0.00960209707870613	-0.196863005999798	-49.854330434542383	-0.14488308289831	0.141744581979359	0.0374290721163982	-135.61328818884269	0	0	0	1
..\bite-us\group1\02\post\sweep_2u\2d\2u.2dus.00073sm.png	73	0.13385977050136	0.14924407425671	-0.0478485144248085	161.67962389775357	-0.0599024718152324	-0.0094283275740337	-0.196976534058919	-50.101829892828874	-0.14481231672682	0.141863569238455	0.037251823266799	-135.71085444644666	0	0	0	1
..\bite-us\group1\02\post\sweep_2u\2d\2u.2dus.00074sm.png	74	0.134047631111991	0.149163093724814	-0.0475742683144169	161.65987411317491	-0.0597833757179685	-0.00911898513821347	-0.197027266990538	-50.274631201369807	-0.14468770488562	0.141968922370887	0.0373346848897004	-135.81229611344699	0	0	0	1
..\bite-us\group1\02\post\sweep_2u\2d\2u.2dus.00075sm.png	75	0.134083795582997	0.149175209403311	-0.0474341742362152	161.7214479041883	-0.060119273757771	-0.00859170088378348	-0.196948731489655	-50.650738252610822	-0.144514912894606	0.141989080263454	0.0379226834278673	-135.80492993752711	0	0	0	1
..\bite-us\group1\02\post\sweep_2u\2d\2u.2dus.00076sm.png	76	0.134068986084907	0.149233197824748	-0.047293472542532	161.62649569790409	-0.0602292442162933	-0.00830304902640439	-0.196927505281855	-50.809035704496246	-0.144482858759576	0.141945311238252	0.0382075746097546	-135.79942415824638	0	0	0	1
..\bite-us\group1\02\post\sweep_2u\2d\2u.2dus.00077sm.png	77	0.134262141997974	0.149160965189051	-0.0469722485222452	161.55410565505079	-0.0602276426861611	-0.00781277873526127	-0.19694804502176	-51.055403878571909	-0.144304052772694	0.142049027771978	0.0384968709130701	-136.04227192929903	0	0	0	1
..\bite-us\group1\02\post\sweep_2u\2d\2u.2dus.00078sm.png	78	0.13443590249778	0.149117298840314	-0.0466125037898532	161.47265158176739	-0.0604376045404823	-0.00706895504067944	-0.196911810038633	-51.628777887088383	-0.144054279495807	0.142133811599707	0.039114539457552	-136.01528592366776	0	0	0	1
..\bite-us\group1\02\post\sweep_2u\2d\2u.2dus.00079sm.png	79	0.134773507019662	0.148979427282616	-0.0460752596205507	161.5186561268527	-0.060425731045428	-0.00624868974687144	-0.196943174654252	-52.305064952330831	-0.143743466624703	0.142316701274483	0.0395902771805149	-136.17762453883321	0	0	0	1
..\bite-us\group1\02\post\sweep_2u\2d\2u.2dus.00080sm.png	80	0.134741498855957	0.149180341619542	-0.0455155808223608	161.3279478619655	-0.0607153710133096	-0.0052343616975623	-0.196883639127404	-52.916575066529973	-0.143651396000202	0.142147059310263	0.0405228106821249	-136.15666526346257	0	0	0	1
..\bite-us\group1\02\post\sweep_2u\2d\2u.2dus.00081sm.png	81	0.134724122236973	0.149292900028062	-0.0451969475583526	161.22380928236674	-0.0607626832917168	-0.00477360017242459	-0.1968807463373	-53.138577528625518	-0.143647689054534	0.14204507059826	0.0408918242721137	-136.35367672055852	0	0	0	1
..\bite-us\group1\02\post\sweep_2u\2d\2u.2dus.00082sm.png	82	0.134754776632635	0.149320038189068	-0.0450155759250689	161.08144985723553	-0.0607384339752444	-0.00454682216802701	-0.196893592731175	-53.409819234179565	-0.143629189849988	0.142023983686021	0.0410298026411388	-136.40470228077851	0	0	0	1
..\bite-us\group1\02\post\sweep_2u\2d\2u.2dus.00083sm.png	83	0.134841122023975	0.149308682275681	-0.0447941368854793	160.95750469850935	-0.0607252264729162	-0.0042351917399347	-0.196904611272786	-53.840709971818882	-0.14355371832582	0.142045555673823	0.0412188427715302	-136.27204847725253	0	0	0	1
..\bite-us\group1\02\post\sweep_2u\2d\2u.2dus.00084sm.png	84	0.134930898964891	0.149256447431861	-0.0446977325452463	160.94871736501577	-0.0607102161393306	-0.00408881460719839	-0.196912331510527	-54.041264186328114	-0.143475689665122	0.142104728400528	0.0412865600847069	-136.40233486987717	0	0	0	1
..\bite-us\group1\02\post\sweep_2u\2d\2u.2dus.00085sm.png	85	0.135133334803473	0.14913056406769	-0.0445058399790989	161.04348532102503	-0.0605390579536333	-0.00392823550362017	-0.196968285668261	-54.264270947865938	-0.143357440166249	0.142241355327276	0.0412269121798767	-136.22906884937214	0	0	0	1
..\bite-us\group1\02\post\sweep_2u\2d\2u.2dus.00086sm.png	86	0.134859231527591	0.149434241972083	-0.0443185194231164	160.88024532624758	-0.0610094168423359	-0.00332002627722189	-0.196834293496753	-54.699423442977519	-0.143416143067599	0.141937817689322	0.0420602351277664	-136.1689444925469	0	0	0	1
..\bite-us\group1\02\post\sweep_2u\2d\2u.2dus.00087sm.png	87	0.134759697989654	0.14962438069734	-0.0439786286129558	160.90834441568813	-0.0610725859549215	-0.00284866812085638	-0.196822083124214	-54.953825902919554	-0.143482801779712	0.141747624775635	0.0424721256731371	-136.10210712429011	0	0	0	1
..\bite-us\group1\02\post\sweep_2u\2d\2u.2dus.00088sm.png	88	0.134887028318958	0.149610866988636	-0.0436328927953089	160.88438142190572	-0.0609719241931484	-0.00244346212792333	-0.196858730923412	-55.207115469842385	-0.143405946234826	0.141769451259422	0.0426584618189961	-136.13186098428562	0	0	0	1
..\bite-us\group1\02\post\sweep_2u\2d\2u.2dus.00089sm.png	89	0.134731910778904	0.149792019051373	-0.0434905554454526	160.90470535721036	-0.0613341079950311	-0.0019595935411642	-0.196751596647657	-55.533498400953121	-0.143397317891095	0.141585558445507	0.0432933533336234	-135.99500319073266	0	0	0	1
..\bite-us\group1\02\post\sweep_2u\2d\2u.2dus.00090sm.png	90	0.134705292327819	0.149969464710914	-0.042958396388325	160.80969534027807	-0.0613800849295229	-0.00122612302145886	-0.196743187998232	-56.0907434374963	-0.143402652545069	0.141405854246979	0.043859181424896	-135.87246967231144	0	0	0	1
..\bite-us\group1\02\post\sweep_2u\2d\2u.2dus.00091sm.png	91	0.13472825061904	0.150027148199823	-0.0426841696892133	160.82471553618285	-0.0615253331344094	-0.000713892103404057	-0.196700335007252	-56.384062126359382	-0.143318816740418	0.141348167656155	0.0443167406879555	-136.02047906601189	0	0	0	1
..\bite-us\group1\02\post\sweep_2u\2d\2u.2dus.00092sm.png	92	0.134850983316116	0.150071316261419	-0.0421378960814901	160.67812712101934	-0.0613787149576427	-9.21791778582358e-005	-0.196747402595639	-56.92330525748131	-0.143266245197065	0.141303046241841	0.0446294849278052	-136.02875729903218	0	0	0	1
..\bite-us\group1\02\post\sweep_2u\2d\2u.2dus.00093sm.png	93	0.134851448319031	0.150139000947199	-0.0418946656396386	160.67319450477703	-0.0617714075601427	0.00061423705785466	-0.196623520950046	-57.44746327366952	-0.143096930289713	0.141229821376625	0.0453978153590651	-135.88743592230054	0	0	0	1
..\bite-us\group1\02\post\sweep_2u\2d\2u.2dus.00094sm.png	94	0.134857721845694	0.150261760719755	-0.0414319249706847	160.71508783248876	-0.0621943211829478	0.00164003112337823	-0.196484265628876	-58.220072474415659	-0.14290770670339	0.141091009288236	0.0464140344371291	-135.84365524550279	0	0	0	1
..\bite-us\group1\02\post\sweep_2u\2d\2u.2dus.00095sm.png	95	0.134894795825708	0.150385994165453	-0.0408566288379657	160.59260219365569	-0.0624342031758437	0.0026447143344341	-0.196397207592942	-59.042378666407139	-0.142768048585734	0.140943313369657	0.0472843141952782	-135.85856434474647	0	0	0	1
..\bite-us\group1\02\post\sweep_2u\2d\2u.2dus.00096sm.png	96	0.134932925158311	0.15044850952794	-0.0404990709575085	160.56801551970574	-0.0625983059313915	0.00329022205437444	-0.196335204662864	-59.5811533748141	-0.14266011764604	0.140862982214327	0.0478460688123494	-135.97972312833332	0	0	0	1
..\bite-us\group1\02\post\sweep_2u\2d\2u.2dus.00097sm.png	97	0.134968991660512	0.150492355560348	-0.040215039596132	160.52583674588922	-0.0625449504015469	0.00362407091873648	-0.19634632845813	-60.021418317738551	-0.142649401798442	0.140807941418563	0.0480396037714723	-136.13913754521778	0	0	0	1
..\bite-us\group1\02\post\sweep_2u\2d\2u.2dus.00098sm.png	98	0.13511756045417	0.150374084574579	-0.0401584118420286	160.48071434524797	-0.0626439672986882	0.00386132307894553	-0.196310235541851	-60.364434818974424	-0.142465187263539	0.140927939781638	0.0482340856558435	-136.21415619651142	0	0	0	1
..\bite-us\group1\02\post\sweep_2u\2d\2u.2dus.00099sm.png	99	0.135258583665753	0.150264966869925	-0.0400919666863413	160.49879066109727	-0.0628432082376101	0.00420804832731037	-0.196239415180675	-60.645066550244962	-0.142243446552659	0.141034362477785	0.0485763293795857	-136.53993817247965	0	0	0	1
..\bite-us\group1\02\post\sweep_2u\2d\2u.2dus.00100sm.png	100	0.135463984159982	0.150137491434305	-0.039875359360109	160.5180441046549	-0.0627618731726589	0.00450221895231222	-0.196258914240829	-61.006900950436957	-0.142083804972289	0.141160982672192	0.048675742789804	-136.66991832553143	0	0	0	1
..\bite-us\group1\02\post\sweep_2u\2d\2u.2dus.00101sm.png	101	0.13542918522219	0.150195423139257	-0.0397753305241184	160.51947513680159	-0.0628111513855964	0.00466631080433106	-0.196239314953654	-61.258474581485295	-0.142095201944717	0.141094010327003	0.0488363388005701	-136.44980525838992	0	0	0	1
..\bite-us\group1\02\post\sweep_2u\2d\2u.2dus.00102sm.png	102	0.135544575677193	0.150105284602684	-0.0397224270712281	160.52221903407172	-0.0628867834090337	0.00486257556862964	-0.196210324802611	-61.516299474866052	-0.141951653181621	0.14118327886774	0.0489956209028013	-136.4819097438818	0	0	0	1
..\bite-us\group1\02\post\sweep_2u\2d\2u.2dus.00103sm.png	103	0.135653282280666	0.150028107104998	-0.0396427575645151	160.55216282175479	-0.06289882793096	0.00502788771070643	-0.196202296988389	-61.668823195205782	-0.141842433056662	0.141259501493951	0.0490921996694708	-136.58105372997647	0	0	0	1
..\bite-us\group1\02\post\sweep_2u\2d\2u.2dus.00104sm.png	104	0.135745908819172	0.150005117146316	-0.0394120056502883	160.52089069768451	-0.0628613314565019	0.00533442316327659	-0.196206218500691	-61.976543287239721	-0.141770422198756	0.141272672863844	0.0492620266686908	-136.67933910915721	0	0	0	1
..\bite-us\group1\02\post\sweep_2u\2d\2u.2dus.00105sm.png	105	0.135757993920545	0.150075267145911	-0.0391021812876954	160.39090114719096	-0.0627818689877932	0.00566603958383447	-0.196222363304992	-62.387263203357449	-0.141794059738443	0.141185231257301	0.0494442837623748	-136.67851682192943	0	0	0	1
..\bite-us\group1\02\post\sweep_2u\2d\2u.2dus.00106sm.png	106	0.135986150369614	0.149971236366922	-0.038706432279684	160.45119568271534	-0.0627358958827039	0.0062424481555879	-0.196219575474279	-62.820101761443702	-0.141595641315288	0.141271438876587	0.0497656903910512	-136.8097641458493	0	0	0	1
..\bite-us\group1\02\post\sweep_2u\2d\2u.2dus.00107sm.png	107	0.136000666264396	0.149988830454479	-0.0385870952864065	160.56923751174025	-0.0632487542948665	0.00691730561054055	-0.196032213362791	-63.129437503339389	-0.141353334661154	0.14122131907275	0.0505899302299286	-136.87336341845977	0	0	0	1
..\bite-us\group1\02\post\sweep_2u\2d\2u.2dus.00108sm.png	108	0.135977779877919	0.150119156835934	-0.0381587158438112	160.47137770725482	-0.0631673364151753	0.00738507949030477	-0.196041401032225	-63.620145332586212	-0.141411747580336	0.141059061000879	0.0508784347803652	-136.82973968669458	0	0	0	1
..\bite-us\group1\02\post\sweep_2u\2d\2u.2dus.00109sm.png	109	0.136045111233211	0.150193351992735	-0.0376230965330487	160.20793960269393	-0.0628857800050274	0.00783564890711557	-0.196114415489764	-64.07224716346542	-0.141472462856709	0.140955734051689	0.0509958065295519	-136.99584406661839	0	0	0	1
..\bite-us\group1\02\post\sweep_2u\2d\2u.2dus.00110sm.png	110	0.136041138216144	0.150292415675914	-0.0372400292200537	160.14657165797448	-0.06294652659498	0.00839435818668048	-0.196071804663879	-64.567812611544355	-0.141449266051556	0.140817910365094	0.0514389082190262	-136.83072794871458	0	0	0	1
..\bite-us\group1\02\post\sweep_2u\2d\2u.2dus.00111sm.png	111	0.135979804687139	0.150424619268016	-0.0369291049378606	160.07715956444014	-0.0631364431101969	0.00895954279605078	-0.195985713282655	-65.067684474845763	-0.141423596449394	0.140641814015668	0.0519882201734566	-136.83310306098016	0	0	0	1
..\bite-us\group1\02\post\sweep_2u\2d\2u.2dus.00112sm.png	112	0.136041152151189	0.150392173566889	-0.0368351607067323	160.08585736488473	-0.0631728070290113	0.00914759137144801	-0.195965307949506	-65.332455790159273	-0.141348338290525	0.140664405734313	0.0521315898011046	-136.96276544393476	0	0	0	1
..\bite-us\group1\02\post\sweep_2u\2d\2u.2dus.00113sm.png	113	0.136226942271324	0.150297140043546	-0.0365351024818903	160.1077786980739	-0.0629124307932408	0.00936892766335007	-0.196038601359986	-65.469967906419797	-0.141285518065835	0.140751384461501	0.0520671364939977	-137.25291898979012	0	0	0	1
..\bite-us\group1\02\post\sweep_2u\2d\2u.2dus.00114sm.png	114	0.136282416666738	0.150285647163617	-0.0363751374048128	160.08669451925994	-0.0629189961489294	0.00961088710217081	-0.19602478177245	-65.717903426562785	-0.141229084097876	0.140747342583729	0.0522309099008485	-137.13108520031753	0	0	0	1
..\bite-us\group1\02\post\sweep_2u\2d\2u.2dus.00115sm.png	115	0.136375252712587	0.150262412584783	-0.0361222966932697	160.14336838449611	-0.0630584455334972	0.0101247674480363	-0.195954093352215	-66.116714019929702	-0.141077192552579	0.140736121116732	0.0526697884877179	-136.98049192746947	0	0	0	1
..\bite-us\group1\02\post\sweep_2u\2d\2u.2dus.00116sm.png	116	0.136344273688124	0.150344934808049	-0.0358952506317552	160.0136279783168	-0.0629643070351564	0.0103119140643241	-0.195974605201007	-66.318956577824935	-0.141149163781019	0.14063436402442	0.052748637305804	-136.95915987794402	0	0	0	1
..\bite-us\group1\02\post\sweep_2u\2d\2u.2dus.00117sm.png	117	0.136579517775355	0.150205499203542	-0.0355831880036779	160.0776613490672	-0.0628253971827331	0.0106953345375167	-0.195998635964296	-66.733332674520057	-0.140983531510328	0.140754670142077	0.0528706446987047	-137.16986195960445	0	0	0	1
..\bite-us\group1\02\post\sweep_2u\2d\2u.2dus.00118sm.png	118	0.136549038610385	0.150280560662824	-0.0353827547746758	160.02615429579089	-0.0629791872069399	0.0110953533402443	-0.195927032494042	-67.165558311823631	-0.140944433722561	0.140643540768078	0.0532690551996186	-137.10084587348504	0	0	0	1
..\bite-us\group1\02\post\sweep_2u\2d\2u.2dus.00119sm.png	119	0.136643408117891	0.15024492436193	-0.0351691046094383	159.96181956637969	-0.0628842998455005	0.0113258612401982	-0.195944321379596	-67.443564069473055	-0.140895334255287	0.140663239367311	0.0533468896870862	-137.13100782436589	0	0	0	1
..\bite-us\group1\02\post\sweep_2u\2d\2u.2dus.00120sm.png	120	0.136809269804491	0.150148022320424	-0.0349372689250799	159.96101846039295	-0.0629239173289442	0.0117501541836328	-0.195906617874607	-67.911172674301667	-0.14071657929179	0.140731889096203	0.053636908488611	-137.12692057116655	0	0	0	1
..\bite-us\group1\02\post\sweep_2u\2d\2u.2dus.00121sm.png	121	0.136907763124048	0.15013344458238	-0.0346125818852342	159.85680400370077	-0.0628055041142393	0.0121045678382067	-0.19592303929528	-68.278981887197773	-0.140673680599344	0.140717403308686	0.0537872242057939	-137.09424115962585	0	0	0	1
..\bite-us\group1\02\post\sweep_2u\2d\2u.2dus.00122sm.png	122	0.13695127082381	0.150127309602887	-0.0344667658254691	159.7355310355195	-0.0629001566905476	0.0124113586876281	-0.195873476069189	-68.563607618740448	-0.140589014763204	0.140697222522641	0.0540606794753023	-137.21833995439431	0	0	0	1
..\bite-us\group1\02\post\sweep_2u\2d\2u.2dus.00123sm.png	123	0.137033772296992	0.150063433938847	-0.0344169149771152	159.72020483731686	-0.0628725752653843	0.012490241329489	-0.195877317512062	-68.763689421069344	-0.140520944679415	0.140758370993246	0.0540785177955436	-137.20606602538231	0	0	0	1
..\bite-us\group1\02\post\sweep_2u\2d\2u.2dus.00124sm.png	124	0.13725236295139	0.149896276567023	-0.0342738396276519	159.81949835224663	-0.0628743360845233	0.0127890378928094	-0.195857472723003	-69.03556046020276	-0.140306657326838	0.140909567169083	0.0542410170900431	-137.30751440718538	0	0	0	1
..\bite-us\group1\02\post\sweep_2u\2d\2u.2dus.00125sm.png	125	0.137295918813183	0.149855807608561	-0.0342763113400406	159.81103258004413	-0.063062762585564	0.0129972149724118	-0.1957831771223	-69.156320744625191	-0.140179420801918	0.140933561182589	0.0545070240982296	-137.56941806387371	0	0	0	1
..\bite-us\group1\02\post\sweep_2u\2d\2u.2dus.00126sm.png	126	0.137376736181221	0.149834574338415	-0.0340445261193138	159.72096579451056	-0.0630578545507811	0.0133363385094502	-0.19576195293516	-69.554834361098671	-0.140102429314014	0.14092445404062	0.0547280701610229	-137.57664633839224	0	0	0	1
..\bite-us\group1\02\post\sweep_2u\2d\2u.2dus.00127sm.png	127	0.137449048827506	0.149815709961589	-0.0338350167144678	159.62863532103211	-0.0629919828326585	0.0135808456009429	-0.195766352222326	-69.717091792604535	-0.140061131079484	0.140921158880163	0.0548421427437146	-137.54330308651541	0	0	0	1
..\bite-us\group1\02\post\sweep_2u\2d\2u.2dus.00128sm.png	128	0.137364257432931	0.149940547335597	-0.0336258735797079	159.49887640515868	-0.0632540531165883	0.0140739597441688	-0.195646989196825	-70.113918667824436	-0.140026200792079	0.140739885108951	0.0553939516864882	-137.57726095229179	0	0	0	1
..\bite-us\group1\02\post\sweep_2u\2d\2u.2dus.00129sm.png	129	0.137519388501886	0.149826598556063	-0.0334993488260504	159.54344501474458	-0.0633672047216275	0.0144333604536508	-0.195584183726922	-70.470462619201314	-0.139822625193046	0.140824812479175	0.055691600294215	-137.54611684118345	0	0	0	1
..\bite-us\group1\02\post\sweep_2u\2d\2u.2dus.00130sm.png	130	0.137619956340767	0.149771879578136	-0.033330562277528	159.53541685481088	-0.0633891556906582	0.0147283133822193	-0.195555082736523	-70.780058072261866	-0.139713685520179	0.140852476766322	0.0558946945013707	-137.74088089382622	0	0	0	1
..\bite-us\group1\02\post\sweep_2u\2d\2u.2dus.00131sm.png	131	0.137922679635065	0.149516914037103	-0.0332235288672375	159.69499322201361	-0.0634761582698827	0.0151149333331786	-0.19549735674262	-71.202320762830041	-0.139375260134718	0.141082212010639	0.0561597211129349	-138.04687941964323	0	0	0	1
..\bite-us\group1\02\post\sweep_2u\2d\2u.2dus.00132sm.png	132	0.138021955459345	0.149470771008952	-0.0330182019777696	159.70522865098508	-0.0635309075083299	0.0154913956498049	-0.195450102429388	-71.55135664660196	-0.139251983707189	0.141090271151027	0.0564445696034885	-138.12235989669909	0	0	0	1
..\bite-us\group1\02\post\sweep_2u\2d\2u.2dus.00133sm.png	133	0.138159519137577	0.149329105426465	-0.0330836520324486	159.79242046089135	-0.0636832750883483	0.0156334504264861	-0.195389197760277	-71.659099573880567	-0.139045816584807	0.141224547579215	0.0566168438365957	-138.28209056728295	0	0	0	1
..\bite-us\group1\02\post\sweep_2u\2d\2u.2dus.00134sm.png	134	0.138114838987726	0.149418822905383	-0.032864517020565	159.58251615986816	-0.0636368240879375	0.0158491832748491	-0.195386954169527	-71.900000464955895	-0.139111456161726	0.141105556551646	0.0567520510694221	-138.24212066353562	0	0	0	1
..\bite-us\group1\02\post\sweep_2u\2d\2u.2dus.00135sm.png	135	0.138295089504074	0.149298497527603	-0.0326525413639582	159.58459230924205	-0.0635690253340838	0.0161540994773424	-0.195384055949718	-72.346124378356279	-0.138963299475707	0.141198311054828	0.0568842321064347	-138.28697173945943	0	0	0	1
..\bite-us\group1\02\post\sweep_2u\2d\2u.2dus.00136sm.png	136	0.138411975405616	0.149233759517241	-0.0324525426377167	159.54119972079224	-0.0637587846177771	0.0166717751413734	-0.195278717053516	-72.961432241218986	-0.1387598422182	0.141206573050427	0.0573584238059786	-138.55336661663256	0	0	0	1
..\bite-us\group1\02\post\sweep_2u\2d\2u.2dus.00137sm.png	137	0.13861853390282	0.14910139246349	-0.0321780255139119	159.43491766043337	-0.0635457357818369	0.0169261605705501	-0.195326274893112	-73.306031265806851	-0.138651335682777	0.14131609672096	0.0573511521212304	-138.83827531550696	0	0	0	1
..\bite-us\group1\02\post\sweep_2u\2d\2u.2dus.00138sm.png	138	0.138600036676336	0.149106181847468	-0.0322354624480754	159.31009545516713	-0.0637235844242255	0.0170221676592225	-0.195259981627991	-73.589380557335176	-0.138588188477544	0.141299510550146	0.057544314876638	-139.0388809303503	0	0	0	1
..\bite-us\group1\02\post\sweep_2u\2d\2u.2dus.00139sm.png	139	0.138722276384237	0.149036307120096	-0.0320320674152256	159.12618099837749	-0.0637247061355211	0.0173564165676257	-0.195230193033846	-74.171921155239573	-0.138465314164802	0.141332562782237	0.057758566674563	-139.00933290872374	0	0	0	1
..\bite-us\group1\02\post\sweep_2u\2d\2u.2dus.00140sm.png	140	0.138978572434801	0.148834677724857	-0.0318578858103742	159.12797687705967	-0.0635274533621327	0.0175234183794521	-0.195279555523563	-74.370228817961973	-0.13829884467105	0.141524301282487	0.057687987878232	-139.24927577885518	0	0	0	1
..\bite-us\group1\02\post\sweep_2u\2d\2u.2dus.00141sm.png	141	0.139034275275105	0.14880455877467	-0.0317553376439432	159.23052085702878	-0.0634103653736636	0.0175686771327315	-0.195313541738495	-74.4274262767766	-0.138296591519622	0.141550359273091	0.0576294419885404	-139.32044777679499	0	0	0	1
..\bite-us\group1\02\post\sweep_2u\2d\2u.2dus.00142sm.png	142	0.138939951673946	0.148906018064215	-0.0316926365190215	159.16401510764092	-0.0636545336049908	0.0178489999206143	-0.195208677783917	-74.646539590794035	-0.138279215880092	0.141408522815116	0.0580179502184822	-139.17307178249692	0	0	0	1
..\bite-us\group1\02\post\sweep_2u\2d\2u.2dus.00143sm.png	143	0.13904850769963	0.148841756189956	-0.0315178604681586	159.24575807864645	-0.0633117240706865	0.0177872857944749	-0.195325757683581	-74.629161504327541	-0.138327471840353	0.141483933423605	0.0577183376066121	-139.40880510741039	0	0	0	1
..\bite-us\group1\02\post\sweep_2u\2d\2u.2dus.00144sm.png	144	0.139059777487841	0.148875345013327	-0.0313088567047472	159.15292709515106	-0.0633448038303042	0.0181015821693775	-0.195286159178586	-75.010212930213726	-0.138300995935579	0.141408711573183	0.0579655515314372	-139.42190105416969	0	0	0	1
..\bite-us\group1\02\post\sweep_2u\2d\2u.2dus.00145sm.png	145	0.139145795899816	0.148820896180007	-0.0311852415853543	159.13695718959818	-0.0632841102401781	0.0182490660188077	-0.195292112470858	-75.233367679035766	-0.138242252001897	0.141447063554817	0.0580121121246158	-139.62519416503667	0	0	0	1
..\bite-us\group1\02\post\sweep_2u\2d\2u.2dus.00146sm.png	146	0.139178729329579	0.148858115872525	-0.0308589924216604	159.09295173347871	-0.0631860232766494	0.0185950749584021	-0.195291238485244	-75.850845327179982	-0.138253966050623	0.141362809341188	0.058189246402113	-139.32095832974844	0	0	0	1
..\bite-us\group1\02\post\sweep_2u\2d\2u.2dus.00147sm.png	147	0.139204208820478	0.148869371155265	-0.0306893261710328	159.12698497759339	-0.0632275019666331	0.0188741969182138	-0.195251037511172	-76.181762265523318	-0.138209343409788	0.141313956710538	0.0584134509270338	-139.32300628235865	0	0	0	1
..\bite-us\group1\02\post\sweep_2u\2d\2u.2dus.00148sm.png	148	0.139326512328805	0.148792286506741	-0.0305075317246868	159.19779078479058	-0.063112503468083	0.0190629942121939	-0.195269903383854	-76.409895976135786	-0.138138648582947	0.141369788379347	0.0584456070184397	-139.35300393104072	0	0	0	1
..\bite-us\group1\02\post\sweep_2u\2d\2u.2dus.00149sm.png	149	0.139294503384367	0.148866365973828	-0.0302916433505398	159.18789530081992	-0.0631056841548772	0.0193215247319107	-0.195246700293191	-76.694194375233891	-0.138174039957902	0.141256656842926	0.0586351089959827	-139.27607774817145	0	0	0	1
..\bite-us\group1\02\post\sweep_2u\2d\2u.2dus.00150sm.png	150	0.13938855850971	0.14879228994716	-0.0302227761837526	159.28630143864947	-0.0631132577776052	0.0194720661306285	-0.195229298505809	-76.98763709011115	-0.138075695954513	0.141314020647438	0.0587285147428643	-139.34518042673767	0	0	0	1
..\bite-us\group1\02\post\sweep_2u\2d\2u.2dus.00151sm.png	151	0.139450341731141	0.148806966348132	-0.0298634094137855	159.2081940768567	-0.0629211538179661	0.0197816730152343	-0.195260183567608	-77.350954633845276	-0.138100984635607	0.141255553935567	0.0588096176705385	-139.45323857854996	0	0	0	1
..\bite-us\group1\02\post\sweep_2u\2d\2u.2dus.00152sm.png	152	0.13969160058895	0.148622662120209	-0.0296526956661285	159.22336564630908	-0.062913172491432	0.0201854998406137	-0.195221429536518	-78.012572319310777	-0.137860584707889	0.141392394559066	0.0590444301240743	-139.52305136070535	0	0	0	1
..\bite-us\group1\02\post\sweep_2u\2d\2u.2dus.00153sm.png	153	0.139855658694109	0.148521511620548	-0.0293848611500385	159.16975857532606	-0.062941302161475	0.0206589836912148	-0.195162830718596	-78.59651423199108	-0.13768129349151	0.14143028783628	0.0593711468671747	-139.62534465212067	0	0	0	1
..\bite-us\group1\02\post\sweep_2u\2d\2u.2dus.00154sm.png	154	0.140004037767314	0.148428216372539	-0.0291486301614936	159.16131340102336	-0.062790844513051	0.020899137343027	-0.195185729652475	-78.970590919046955	-0.137599166488126	0.141492932620126	0.0594123046091112	-139.64689253905127	0	0	0	1
..\bite-us\group1\02\post\sweep_2u\2d\2u.2dus.00155sm.png	155	0.1401695428901	0.148319120758763	-0.0289074223813866	159.33007976850851	-0.0627878619232389	0.0213076986036321	-0.19514251860081	-79.423341877555572	-0.137431928623334	0.141546387224203	0.0596715342908383	-139.5243763777996	0	0	0	1
..\bite-us\group1\02\post\sweep_2u\2d\2u.2dus.00156sm.png	156	0.140242945500317	0.148288434530092	-0.0287081213260522	159.37310626574279	-0.0627287262272694	0.0215510812430045	-0.195134814324453	-79.604693228836354	-0.137384040220616	0.141541691457082	0.0597928227107238	-139.53030104187707	0	0	0	1
..\bite-us\group1\02\post\sweep_2u\2d\2u.2dus.00157sm.png	157	0.140304839938844	0.148326583004856	-0.0282042721351351	159.40642711980789	-0.0623451481167108	0.0218548512596414	-0.195223942546744	-80.019766105962859	-0.137495402687076	0.14145511510434	0.0597416515427823	-139.48604613204026	0	0	0	1
..\bite-us\group1\02\post\sweep_2u\2d\2u.2dus.00158sm.png	158	0.140428443598612	0.148235861637142	-0.0280656308657264	159.48010803253027	-0.0623709314720404	0.0221348202032501	-0.195184165975406	-80.279177610891324	-0.137357455202919	0.141506672626854	0.0599365944629842	-139.69793488778487	0	0	0	1
..\bite-us\group1\02\post\sweep_2u\2d\2u.2dus.00159sm.png	159	0.14051825487046	0.148207254794041	-0.0277655660387349	159.49602180245148	-0.0623829493417922	0.0225941458396244	-0.195127696499956	-80.760695505153109	-0.137260114540315	0.141464036203028	0.0602593481577422	-139.67856464610051	0	0	0	1
..\bite-us\group1\02\post\sweep_2u\2d\2u.2dus.00160sm.png	160	0.140704126679445	0.148053269366406	-0.027645329102676	159.66340307324583	-0.0625869397049465	0.0230710283155827	-0.195006545145345	-81.448488470944383	-0.136976549371724	0.141548283002795	0.0607051626182431	-139.62933176616272	0	0	0	1
..\bite-us\group1\02\post\sweep_2u\2d\2u.2dus.00161sm.png	161	0.140942432167831	0.14791209770212	-0.0271830720381309	159.60341646590845	-0.062240051086755	0.0234610073349274	-0.195071038360196	-82.077383949780398	-0.136889584042669	0.141631747242095	0.0607067066053741	-139.88914894177483	0	0	0	1
..\bite-us\group1\02\post\sweep_2u\2d\2u.2dus.00162sm.png	162	0.141192498120846	0.147723084723203	-0.0269115773991421	159.61568839349314	-0.0620219529134983	0.0237399929528782	-0.195106752889613	-82.442310679497893	-0.136730783641545	0.141782447126286	0.0607128949893477	-140.04747431194281	0	0	0	1
..\bite-us\group1\02\post\sweep_2u\2d\2u.2dus.00163sm.png	163	0.141409155392459	0.147515176927603	-0.0269141671808229	159.73503553070742	-0.0620481198784169	0.0238911152661493	-0.195079988052126	-82.640043583971206	-0.136494809259493	0.14197340076936	0.0607976932602827	-140.32144808844771	0	0	0	1
..\bite-us\group1\02\post\sweep_2u\2d\2u.2dus.00164sm.png	164	0.141391967774423	0.147578458341554	-0.0266564182103838	159.75613759396032	-0.0619921825599109	0.024163679947429	-0.195064206179442	-82.929768529208118	-0.136538024426809	0.141861462503345	0.0609616639783036	-140.24640101093073	0	0	0	1
..\bite-us\group1\02\post\sweep_2u\2d\2u.2dus.00165sm.png	165	0.141572422166169	0.147425479037386	-0.0265447009177672	159.83625937810402	-0.0619537031783204	0.0243781480067416	-0.195049750340478	-83.249249060753726	-0.136368395563404	0.14198377854184	0.0610565916550363	-140.31320956361105	0	0	0	1
..\bite-us\group1\02\post\sweep_2u\2d\2u.2dus.00166sm.png	166	0.141703252595715	0.147302537259944	-0.0265289563444922	159.84422119071948	-0.0621344773330872	0.0246651956988019	-0.19495614461987	-83.645934910774798	-0.13615008738293	0.142061782251886	0.0613616312483183	-140.36289927800203	0	0	0	1
..\bite-us\group1\02\post\sweep_2u\2d\2u.2dus.00167sm.png	167	0.141896052821692	0.147130925132029	-0.0264503990677065	159.95761103948212	-0.062111897463796	0.0248609166903157	-0.194938483336279	-83.832418450956141	-0.135959456276902	0.142205432490359	0.0614515886119847	-140.66505911362881	0	0	0	1
..\bite-us\group1\02\post\sweep_2u\2d\2u.2dus.00168sm.png	168	0.141819194365679	0.147263163179723	-0.0261248957061335	159.82754453743757	-0.0621757162791227	0.0253125514398254	-0.194860013136467	-84.345646794222688	-0.136010469371619	0.141988713807007	0.0618384891796825	-140.44726661336205	0	0	0	1
..\bite-us\group1\02\post\sweep_2u\2d\2u.2dus.00169sm.png	169	0.141877953606522	0.147233095950313	-0.0259748599016878	159.89410281344701	-0.0621893023532811	0.0255607334708993	-0.194823283219767	-84.619070788413808	-0.135942959792989	0.141975433438237	0.0620171638160316	-140.43000101663989	0	0	0	1
..\bite-us\group1\02\post\sweep_2u\2d\2u.2dus.00170sm.png	170	0.141870563435746	0.147307962455036	-0.0255880014595817	159.85333680298604	-0.0619515984062941	0.0258201838186868	-0.194864803975771	-84.858997159607853	-0.136059156433405	0.141850772446168	0.0620475301040642	-140.27627799664569	0	0	0	1
..\bite-us\group1\02\post\sweep_2u\2d\2u.2dus.00171sm.png	171	0.141888461870947	0.147296082306134	-0.0255571155148119	159.95518749112756	-0.0620996298459461	0.0260262354424688	-0.194790265690591	-85.178375833849586	-0.135972981599043	0.141825450976252	0.0622938189387811	-140.32240047839662	0	0	0	1
..\bite-us\group1\02\post\sweep_2u\2d\2u.2dus.00172sm.png	172	0.142059800239636	0.147192927740839	-0.0251969542535211	160.01367257246758	-0.0617811231349452	0.0262744041693859	-0.194858222923807	-85.646293581414639	-0.135939167807148	0.141886775448889	0.062227968748369	-140.51808038015767	0	0	0	1
..\bite-us\group1\02\post\sweep_2u\2d\2u.2dus.00173sm.png	173	0.142372783114893	0.146962805202869	-0.0247697501541265	160.12753679739424	-0.0612390022255476	0.0264638757201606	-0.195003660053319	-86.200211409311549	-0.135857007911184	0.142089959206944	0.0619432456555036	-140.62293935003098	0	0	0	1
..\bite-us\group1\02\post\sweep_2u\2d\2u.2dus.00174sm.png	174	0.142395259811929	0.146980747485653	-0.0245329977130249	159.98688217037548	-0.061286203056657	0.0268410147667883	-0.194937284154776	-86.704560307754619	-0.135812159477831	0.142000630750385	0.0622456497178644	-140.66189430067311	0	0	0	1
..\bite-us\group1\02\post\sweep_2u\2d\2u.2dus.00175sm.png	175	0.142457941647839	0.146945332718404	-0.0243807325893995	160.10809311133102	-0.061301666854388	0.0270973625378814	-0.19489695946598	-87.011034011365098	-0.135739426352018	0.141988596283038	0.0624314720997863	-140.6023665113583	0	0	0	1
..\bite-us\group1\02\post\sweep_2u\2d\2u.2dus.00176sm.png	176	0.14259830053684	0.146849693182103	-0.0241350832946603	160.23105469497585	-0.0610362217830578	0.0272312646582856	-0.194961598884343	-87.217693016034062	-0.135711663752585	0.142061906139867	0.0623250058487485	-140.61968661355283	0	0	0	1
..\bite-us\group1\02\post\sweep_2u\2d\2u.2dus.00177sm.png	177	0.142548187417529	0.146985474539519	-0.0235988606138886	160.17580449043169	-0.0607510457244518	0.0276144219701423	-0.194996781850846	-87.699808508636167	-0.135892148674613	0.141847359201034	0.0624202089452294	-140.45952057030249	0	0	0	1
..\bite-us\group1\02\post\sweep_2u\2d\2u.2dus.00178sm.png	178	0.14273888975238	0.14690516747153	-0.0229368534985149	160.25995813060737	-0.0602266113940219	0.0280622229219471	-0.195095519374464	-88.459185425705186	-0.135925406000099	0.14184266901571	0.0623584213304178	-140.42939188717213	0	0	0	1
..\bite-us\group1\02\post\sweep_2u\2d\2u.2dus.00179sm.png	179	0.142956122867151	0.146790424314981	-0.0223098681841913	160.31942430142175	-0.0602577948115744	0.029060888854932	-0.194939654677066	-89.583690152089929	-0.135683073606396	0.141760344973652	0.0630692829768696	-140.59503395896175	0	0	0	1
..\bite-us\group1\02\post\sweep_2u\2d\2u.2dus.00180sm.png	180	0.142955213303658	0.146873992652352	-0.0217590724804722	160.26396862024748	-0.0600057716838396	0.0295287378055952	-0.194947100682246	-90.128808639799246	-0.135795676359643	0.14157698705872	0.0632384719897779	-140.42826383284256	0	0	0	1
..\bite-us\group1\02\post\sweep_2u\2d\2u.2dus.00181sm.png	181	0.142942408426423	0.146939748168115	-0.0213963620696149	160.35376213498785	-0.05975457274334	0.0297406473384483	-0.194992046077631	-90.243773031474603	-0.135919867103948	0.141464354672265	0.0632236608863413	-140.26196743307392	0	0	0	1
..\bite-us\group1\02\post\sweep_2u\2d\2u.2dus.00182sm.png	182	0.142824471784579	0.147124550922156	-0.0209088021434483	160.33469560334379	-0.0596398492445824	0.0301952607720003	-0.194957310580478	-90.718676245677841	-0.136094121862702	0.141175678080626	0.0634933278650547	-139.84062889433332	0	0	0	1
..\bite-us\group1\02\post\sweep_2u\2d\2u.2dus.00183sm.png	183	0.142707707310474	0.147319463992618	-0.0203259280851928	160.2944623009935	-0.0595571886499241	0.0308092429425172	-0.194886524796732	-91.216285991783266	-0.136252717104452	0.140839360325501	0.0638986129689424	-139.57842961765715	0	0	0	1
..\bite-us\group1\02\post\sweep_2u\2d\2u.2dus.00184sm.png	184	0.142778558805088	0.14731084075707	-0.019886121456305	160.3905477211915	-0.059318111410729	0.0311881956444568	-0.194899174246538	-91.701851895667829	-0.136282780160396	0.140764952976755	0.063998341311856	-139.45701405003379	0	0	0	1
..\bite-us\group1\02\post\sweep_2u\2d\2u.2dus.00185sm.png	185	0.142638768590618	0.147492485900541	-0.0195402489385324	160.38208977492505	-0.0592291600872566	0.0314670096528278	-0.194881418505076	-92.019932614487971	-0.136467723855682	0.140512466511151	0.0641587486793159	-139.27503386984586	0	0	0	1
..\bite-us\group1\02\post\sweep_2u\2d\2u.2dus.00186sm.png	186	0.142519669716696	0.147651912632632	-0.0192026660575977	160.33666135033681	-0.0592426226561627	0.0318525972344068	-0.194814686505364	-92.393883189107001	-0.136586261273614	0.140257919861974	0.0644626184491703	-139.23002347133485	0	0	0	1
..\bite-us\group1\02\post\sweep_2u\2d\2u.2dus.00187sm.png	187	0.142493268290289	0.147736075709198	-0.0187460449669041	160.27278182283789	-0.0588709968463506	0.0320575781256707	-0.194893708797333	-92.651396197751012	-0.136774360120269	0.140122528372215	0.0643580741519299	-139.14850313402289	0	0	0	1
..\bite-us\group1\02\post\sweep_2u\2d\2u.2dus.00188sm.png	188	0.142407304621505	0.147835765802932	-0.0186131010340331	160.05646214558428	-0.0592249441145701	0.0325416788129816	-0.194706169740428	-93.04777754455742	-0.136711071055362	0.139905628293336	0.0649614776166197	-139.09044868047911	0	0	0	1
..\bite-us\group1\02\post\sweep_2u\2d\2u.2dus.00189sm.png	189	0.142565715656386	0.147699468453348	-0.0184817688235895	160.02136083007522	-0.0588939862767474	0.0324749239569056	-0.194817667451821	-93.053052190933911	-0.136688940532354	0.140065005162786	0.0646640109257784	-139.29769585022922	0	0	0	1
..\bite-us\group1\02\post\sweep_2u\2d\2u.2dus.00190sm.png	190	0.142499882676639	0.147809192684041	-0.0181087674799146	159.9211497893094	-0.0586511943299837	0.0326773674106534	-0.194857063357249	-93.393053834386535	-0.136861872721555	0.139902078454399	0.0646508394328629	-139.17722443425671	0	0	0	1
..\bite-us\group1\02\post\sweep_2u\2d\2u.2dus.00191sm.png	191	0.142498009940955	0.147875313097676	-0.0175760408757894	159.98858597972998	-0.0581807489337313	0.0328983640018155	-0.194960888937957	-93.770114430840962	-0.137064470160644	0.139780358995561	0.0644846354636543	-138.98576490827651	0	0	0	1
..\bite-us\group1\02\post\sweep_2u\2d\2u.2dus.00192sm.png	192	0.14256143778618	0.147871805302098	-0.0170843632566673	160.02668386332044	-0.0577124646999932	0.0331089671802595	-0.195064398979147	-94.353536038455331	-0.137196425750198	0.139734336609205	0.064303486859149	-138.77972778735045	0	0	0	1
..\bite-us\group1\02\post\sweep_2u\2d\2u.2dus.00193sm.png	193	0.142710438153168	0.147785680656953	-0.0165779602895185	160.10026741164458	-0.0572057669213455	0.0333535404058971	-0.195171965050159	-94.874550746308216	-0.137253715567601	0.139767282558591	0.0641093513484967	-138.80120583359346	0	0	0	1
..\bite-us\group1\02\post\sweep_2u\2d\2u.2dus.00194sm.png	194	0.142888901987514	0.147681044103937	-0.0159615414608209	160.19351586821963	-0.0568578666524936	0.033924101275095	-0.195175305573972	-95.496418424421122	-0.137212594365715	0.139740559265046	0.064255450566681	-138.84112129625112	0	0	0	1
..\bite-us\group1\02\post\sweep_2u\2d\2u.2dus.00195sm.png	195	0.143157793281338	0.147497192605124	-0.0152352707448257	160.25590688151712	-0.0565828290772422	0.0347714647832385	-0.195106129306146	-96.231977194472037	-0.137045908514168	0.13972645686875	0.0646406874323854	-138.90897626212592	0	0	0	1
..\bite-us\group1\02\post\sweep_2u\2d\2u.2dus.00196sm.png	196	0.143220348655363	0.14751602564515	-0.014444629227722	160.30685280967413	-0.0567663377322785	0.0360430351674982	-0.194821904915587	-97.026555429412099	-0.136904587196856	0.139383934269461	0.0656712394489536	-138.47687518255205	0	0	0	1
..\bite-us\group1\02\post\sweep_2u\2d\2u.2dus.00197sm.png	197	0.14336466290803	0.147446329049613	-0.013705638565108	160.4992115130924	-0.0568317427637021	0.0371775286435275	-0.194589552902707	-97.761897169970169	-0.136726287917677	0.139159515493597	0.0665131190959602	-138.46648848103845	0	0	0	1
..\bite-us\group1\02\post\sweep_2u\2d\2u.2dus.00198sm.png	198	0.14354357722482	0.14733467978596	-0.0130161059134627	160.68327789280397	-0.0569883100643306	0.0383626007591858	-0.194313593036873	-98.441904246829836	-0.136473167023977	0.138955972646085	0.0674517767532952	-138.48427781135246	0	0	0	1
..\bite-us\group1\02\post\sweep_2u\2d\2u.2dus.00199sm.png	199	0.143671437380403	0.147284164869821	-0.0121481635066171	160.6907776161508	-0.0571485582844195	0.0397539353139646	-0.19398664805383	-99.269185224815857	-0.136271463377707	0.138618031815172	0.0685458688724726	-138.30988824747058	0	0	0	1
..\bite-us\group1\02\post\sweep_2u\2d\2u.2dus.00200sm.png	200	0.143621666506119	0.147361759905445	-0.0117907040106148	160.52760780359372	-0.0572448935962817	0.0402893992813732	-0.193847746039635	-99.679996239795145	-0.136283492878617	0.138380762253197	0.0689997412568597	-138.24800043180713	0	0	0	1
..\bite-us\group1\02\post\sweep_2u\2d\2u.2dus.00201sm.png	201	0.143714591965636	0.147305015283814	-0.0113594928138983	160.56831983919886	-0.0570974528121646	0.0407691323440088	-0.193790941405067	-100.09357941939945	-0.136247379066732	0.138300649524186	0.0692312544417271	-138.13258803330987	0	0	0	1
..\bite-us\group1\02\post\sweep_2u\2d\2u.2dus.00202sm.png	202	0.143635698242432	0.14741912741149	-0.0108667788997676	160.51696453327847	-0.0570350770818754	0.041301027144537	-0.193696682206845	-100.61560434967666	-0.136356655637757	0.138020959889072	0.0695732855170021	-138.16935475954588	0	0	0	1
