/home/quinn/tmi_auto_calib/TMI-2017-Ultrasound-Toews/_02/pre/sweep_2a/2d/2a.2dus.00001sm.png	1	0.105858133665531	0.176134652837193	-0.0159605846743482	167.53608455024494	-0.0189057887486119	-0.00722762794434563	-0.205103152606202	-46.34286081058157	-0.175823712998799	0.106828389498668	0.0124454878199365	-99.66397044750768	0	0	0	1
/home/quinn/tmi_auto_calib/TMI-2017-Ultrasound-Toews/_02/pre/sweep_2a/2d/2a.2dus.00002sm.png	2	0.106130372437868	0.175974985519611	-0.015913328090002	167.52865179909907	-0.0189493797968016	-0.00712350335743015	-0.20510277006643	-46.348682192690475	-0.175654821782826	0.107098176968374	0.0125121276928955	-99.892893674756621	0	0	0	1
/home/quinn/tmi_auto_calib/TMI-2017-Ultrasound-Toews/_02/pre/sweep_2a/2d/2a.2dus.00003sm.png	3	0.106369235468126	0.17582506605278	-0.0159750650519566	167.56585270256014	-0.0189897998793701	-0.00715097256271747	-0.205098076280358	-46.30024313719241	-0.175505910471723	0.107342298641321	0.0125103973521389	-100.04039530769244	0	0	0	1
/home/quinn/tmi_auto_calib/TMI-2017-Ultrasound-Toews/_02/pre/sweep_2a/2d/2a.2dus.00004sm.png	4	0.106474334194658	0.175759111279665	-0.0160004788959631	167.58831573337622	-0.0189725785597459	-0.00718244021278332	-0.205098571297746	-46.265949152801248	-0.175444033197595	0.107448158166773	0.0124697380064411	-100.12319649261553	0	0	0	1
/home/quinn/tmi_auto_calib/TMI-2017-Ultrasound-Toews/_02/pre/sweep_2a/2d/2a.2dus.00005sm.png	5	0.106529525372862	0.175728718183565	-0.0159668226544752	167.52023381680166	-0.0189252052997413	-0.00716760197963666	-0.205103466897793	-46.309809129530692	-0.17541564409207	0.107498848487239	0.0124322998698078	-100.18627957917812	0	0	0	1
/home/quinn/tmi_auto_calib/TMI-2017-Ultrasound-Toews/_02/pre/sweep_2a/2d/2a.2dus.00006sm.png	6	0.106627828443398	0.175671130921306	-0.0159441567339175	167.41036873976057	-0.0187783312472532	-0.00722310968429083	-0.205115020763644	-46.377074231209974	-0.175371696237033	0.107589217796105	0.0122697091408204	-100.26193325456437	0	0	0	1
/home/quinn/tmi_auto_calib/TMI-2017-Ultrasound-Toews/_02/pre/sweep_2a/2d/2a.2dus.00007sm.png	7	0.106891417184995	0.175511618929545	-0.0159354158122481	167.49954227127145	-0.0184943656800119	-0.00736611593884104	-0.205135738807582	-46.540118032345703	-0.175241361368593	0.107839562755816	0.0119299968979281	-100.58734894322696	0	0	0	1
/home/quinn/tmi_auto_calib/TMI-2017-Ultrasound-Toews/_02/pre/sweep_2a/2d/2a.2dus.00008sm.png	8	0.106949455804492	0.175472964131191	-0.0159715317557101	167.51686541507064	-0.0184497661681353	-0.00743119311826093	-0.205137409474089	-46.551215286293242	-0.175210648636162	0.107897986851065	0.0118527231834046	-100.63193861016774	0	0	0	1
/home/quinn/tmi_auto_calib/TMI-2017-Ultrasound-Toews/_02/pre/sweep_2a/2d/2a.2dus.00009sm.png	9	0.107042531253877	0.175414939101331	-0.0159852148792748	167.4763078298067	-0.0184657966226895	-0.00742995125097475	-0.205136011989426	-46.582659841905297	-0.17515211166838	0.107992380764312	0.0118584623608575	-100.74917781778389	0	0	0	1
/home/quinn/tmi_auto_calib/TMI-2017-Ultrasound-Toews/_02/pre/sweep_2a/2d/2a.2dus.00010sm.png	10	0.10760429266769	0.175083815866704	-0.0158421614246261	167.26398610633822	-0.0179908007006592	-0.00751263799883725	-0.205175208156033	-46.887007333098069	-0.174857080650672	0.108522702834533	0.0113619328791656	-101.38837509295028	0	0	0	1
/home/quinn/tmi_auto_calib/TMI-2017-Ultrasound-Toews/_02/pre/sweep_2a/2d/2a.2dus.00011sm.png	11	0.107678313267032	0.175038225507684	-0.0158428713130827	167.17537052952724	-0.017938797540281	-0.0075401366380183	-0.205178753550304	-46.938345361567471	-0.174816852044693	0.108594315179298	0.0112967322410908	-101.4560528191152	0	0	0	1
/home/quinn/tmi_auto_calib/TMI-2017-Ultrasound-Toews/_02/pre/sweep_2a/2d/2a.2dus.00012sm.png	12	0.107949652370568	0.174863211980335	-0.0159282364466263	167.22506040646593	-0.0178243322219994	-0.00769110697563665	-0.205183129807983	-46.912540011393872	-0.174661149366291	0.108865344844304	0.0110954118953266	-101.68702898450006	0	0	0	1
/home/quinn/tmi_auto_calib/TMI-2017-Ultrasound-Toews/_02/pre/sweep_2a/2d/2a.2dus.00013sm.png	13	0.108278972830554	0.174679235571444	-0.0157095908251241	167.18350250911618	-0.0171284456775777	-0.00784498831970576	-0.205236574975246	-47.507514043404925	-0.174526879750572	0.109149347946285	0.0103966671469098	-101.91812676760676	0	0	0	1
/home/quinn/tmi_auto_calib/TMI-2017-Ultrasound-Toews/_02/pre/sweep_2a/2d/2a.2dus.00014sm.png	14	0.108370022176694	0.174632598332754	-0.0155997592806866	167.16877635113249	-0.0168072813271332	-0.00791054313447399	-0.205260612172692	-47.637515416140886	-0.174501590112681	0.109219221044322	0.0100827694659021	-102.05261896881528	0	0	0	1
/home/quinn/tmi_auto_calib/TMI-2017-Ultrasound-Toews/_02/pre/sweep_2a/2d/2a.2dus.00015sm.png	15	0.108196122805641	0.174724195382371	-0.0157804010695713	167.18242959266396	-0.0170060277195119	-0.00801046016128829	-0.205240367914717	-47.658435409111192	-0.174590221361536	0.109065335531722	0.0102129309966055	-101.93537771072739	0	0	0	1
/home/quinn/tmi_auto_calib/TMI-2017-Ultrasound-Toews/_02/pre/sweep_2a/2d/2a.2dus.00016sm.png	16	0.10828275575775	0.174689858729393	-0.0155647759675553	167.22460933610679	-0.0165189495373027	-0.00805559137078612	-0.205278381610271	-48.093169458423262	-0.174583276621021	0.109117001624088	0.00977023192018343	-102.08281854284185	0	0	0	1
/home/quinn/tmi_auto_calib/TMI-2017-Ultrasound-Toews/_02/pre/sweep_2a/2d/2a.2dus.00017sm.png	17	0.10837634615327	0.174632099406052	-0.0155613678737591	167.24739767288554	-0.0164830964321842	-0.00806786243555703	-0.205280782118369	-48.217577756075855	-0.17452858359167	0.109208510618062	0.00972512015321237	-102.16565673683887	0	0	0	1
/home/quinn/tmi_auto_calib/TMI-2017-Ultrasound-Toews/_02/pre/sweep_2a/2d/2a.2dus.00018sm.png	18	0.108409396813636	0.174631175584726	-0.015339974100463	167.19190375651249	-0.0164902585359486	-0.00780087910739333	-0.205290519179588	-48.5614678348987	-0.174507379270797	0.109229383124267	0.0098702365117883	-102.23793754253532	0	0	0	1
/home/quinn/tmi_auto_calib/TMI-2017-Ultrasound-Toews/_02/pre/sweep_2a/2d/2a.2dus.00019sm.png	19	0.108546622983023	0.174586271349299	-0.0148735305770837	167.18048427582499	-0.0162807590939001	-0.00737436666066281	-0.20532299225154	-49.206256396601532	-0.174441734932751	0.10933074549898	0.00990861142001244	-102.38738379629179	0	0	0	1
/home/quinn/tmi_auto_calib/TMI-2017-Ultrasound-Toews/_02/pre/sweep_2a/2d/2a.2dus.00020sm.png	20	0.108606431351401	0.174555815507757	-0.0147940941518291	167.1934837754481	-0.0162624333014162	-0.00728840071663517	-0.205327512004639	-49.351146340582474	-0.17440621461482	0.109385126164736	0.00993384273268748	-102.43176240534937	0	0	0	1
/home/quinn/tmi_auto_calib/TMI-2017-Ultrasound-Toews/_02/pre/sweep_2a/2d/2a.2dus.00021sm.png	21	0.108598383082092	0.174565620938296	-0.0147374095943512	167.20294622668746	-0.0163122470619735	-0.00719101002379554	-0.205326991986854	-49.53831064122366	-0.174406574279139	0.109375923767182	0.0100283976439421	-102.45557839313292	0	0	0	1
/home/quinn/tmi_auto_calib/TMI-2017-Ultrasound-Toews/_02/pre/sweep_2a/2d/2a.2dus.00022sm.png	22	0.108604029063979	0.174597827836859	-0.0143081943042718	167.08387224342556	-0.015934952128108	-0.00692221291064367	-0.205365848596512	-50.146689008726661	-0.174437936056884	0.109341853019464	0.00985278870229012	-102.69520244441284	0	0	0	1
/home/quinn/tmi_auto_calib/TMI-2017-Ultrasound-Toews/_02/pre/sweep_2a/2d/2a.2dus.00023sm.png	23	0.108657128020011	0.17456654323677	-0.0142866608634799	167.07383830100062	-0.0158772031337426	-0.00692956664190162	-0.205370073711101	-50.19514166298903	-0.174410132489868	0.109391327019925	0.00979580443328343	-102.7592135355081	0	0	0	1
/home/quinn/tmi_auto_calib/TMI-2017-Ultrasound-Toews/_02/pre/sweep_2a/2d/2a.2dus.00024sm.png	24	0.108544579207625	0.174652594891051	-0.0140894514950541	166.97904322761721	-0.0158814198735602	-0.00670239844218395	-0.2053772815443	-50.419885505391939	-0.174479816000246	0.109268057050559	0.00992941192962204	-102.68397605286047	0	0	0	1
/home/quinn/tmi_auto_calib/TMI-2017-Ultrasound-Toews/_02/pre/sweep_2a/2d/2a.2dus.00025sm.png	25	0.108704348879308	0.17460320029031	-0.0134555704061519	166.77291987799615	-0.0154873373779309	-0.00619293920860717	-0.205423355318065	-51.187243844114299	-0.174415762704258	0.109377005311902	0.00985527037372312	-102.67217209700489	0	0	0	1
/home/quinn/tmi_auto_calib/TMI-2017-Ultrasound-Toews/_02/pre/sweep_2a/2d/2a.2dus.00026sm.png	26	0.108760794975454	0.174584538948144	-0.0132398200800934	166.7005316052452	-0.0154134835269199	-0.00598158714781328	-0.205435168030288	-51.475308153024528	-0.174387113531686	0.109418548309309	0.00990113831031897	-102.69744072994122	0	0	0	1
/home/quinn/tmi_auto_calib/TMI-2017-Ultrasound-Toews/_02/pre/sweep_2a/2d/2a.2dus.00027sm.png	27	0.1088715378697	0.174528193173726	-0.0130712680059352	166.67526462162164	-0.0153799601096844	-0.00579678789031776	-0.205442973875736	-51.789249800470387	-0.174320958100142	0.109518338082391	0.00996293516173461	-102.74647131452799	0	0	0	1
/home/quinn/tmi_auto_calib/TMI-2017-Ultrasound-Toews/_02/pre/sweep_2a/2d/2a.2dus.00028sm.png	28	0.108645359809663	0.174707782330492	-0.0125441647237403	166.48173629266626	-0.0155805925891442	-0.00506626458359316	-0.205447152888419	-52.474838274584521	-0.17444420967874	0.109267941753244	0.0105377863260096	-102.64842858511436	0	0	0	1
/home/quinn/tmi_auto_calib/TMI-2017-Ultrasound-Toews/_02/pre/sweep_2a/2d/2a.2dus.00029sm.png	29	0.108569209309335	0.174762951240987	-0.0124347455037759	166.43797074460511	-0.0157254673103234	-0.00485235078807876	-0.205441273434156	-52.664370924437662	-0.174478617119285	0.10918939922918	0.010779328051179	-102.54841643954252	0	0	0	1
/home/quinn/tmi_auto_calib/TMI-2017-Ultrasound-Toews/_02/pre/sweep_2a/2d/2a.2dus.00030sm.png	30	0.108605113176573	0.174762141252189	-0.0121288886565298	166.3699235076391	-0.0155614055293688	-0.00459276937542532	-0.205459727244194	-52.994355874015795	-0.174470981581164	0.109201922112542	0.0107760929805389	-102.6532565254371	0	0	0	1
/home/quinn/tmi_auto_calib/TMI-2017-Ultrasound-Toews/_02/pre/sweep_2a/2d/2a.2dus.00031sm.png	31	0.108429116282359	0.174908272561964	-0.0115855911575992	166.26764007671036	-0.0158379115792886	-0.00379446660628092	-0.20545487556321	-53.814402405138729	-0.174555546067932	0.108998429122733	0.0114456028264592	-102.58522075756487	0	0	0	1
/home/quinn/tmi_auto_calib/TMI-2017-Ultrasound-Toews/_02/pre/sweep_2a/2d/2a.2dus.00032sm.png	32	0.108384093565487	0.174942902590712	-0.011483721517313	166.22348943736296	-0.0159254503594466	-0.00362363667852143	-0.205451189091935	-53.995296162834208	-0.17457554140508	0.108948655012434	0.011613211444258	-102.5228525595406	0	0	0	1
/home/quinn/tmi_auto_calib/TMI-2017-Ultrasound-Toews/_02/pre/sweep_2a/2d/2a.2dus.00033sm.png	33	0.108421226160622	0.174942670305304	-0.01113140647732	166.25247591864749	-0.0157577845325883	-0.00331150145558455	-0.205469378903487	-54.282126580100282	-0.174567698353654	0.108958962014233	0.011634421432885	-102.59631677751344	0	0	0	1
/home/quinn/tmi_auto_calib/TMI-2017-Ultrasound-Toews/_02/pre/sweep_2a/2d/2a.2dus.00034sm.png	34	0.108411670423102	0.174980452304438	-0.0106191062842602	166.10689490660991	-0.0157666428803873	-0.00270494453626141	-0.205477568029897	-54.993196047822558	-0.174572833088071	0.108915030758155	0.0119639983897131	-102.70960251742375	0	0	0	1
/home/quinn/tmi_auto_calib/TMI-2017-Ultrasound-Toews/_02/pre/sweep_2a/2d/2a.2dus.00035sm.png	35	0.10854711158316	0.174918341622353	-0.0102522450893892	166.02065766686775	-0.0157933857893353	-0.00224623643329731	-0.205481032225009	-55.584011459821781	-0.174486231251359	0.109025169225418	0.0122217226935522	-102.68474184886777	0	0	0	1
/home/quinn/tmi_auto_calib/TMI-2017-Ultrasound-Toews/_02/pre/sweep_2a/2d/2a.2dus.00036sm.png	36	0.108432982374498	0.175013058822918	-0.00983558747076184	165.88171037293569	-0.0156431034956922	-0.00186001082053435	-0.205496380047922	-56.015504126411486	-0.174570710631639	0.108880342302239	0.0123057972326489	-102.55399777389796	0	0	0	1
/home/quinn/tmi_auto_calib/TMI-2017-Ultrasound-Toews/_02/pre/sweep_2a/2d/2a.2dus.00037sm.png	37	0.108445202599764	0.175018844990618	-0.00959504216199833	165.8850507853353	-0.0154874645637803	-0.00167355226153671	-0.205509768686057	-56.20214348226623	-0.1745769968768	0.108874066974819	0.0122720731638505	-102.76190429488651	0	0	0	1
/home/quinn/tmi_auto_calib/TMI-2017-Ultrasound-Toews/_02/pre/sweep_2a/2d/2a.2dus.00038sm.png	38	0.10865767887261	0.174904504408626	-0.00927020528663829	165.85907223653632	-0.0152961037814895	-0.00139383778803983	-0.205526183254387	-56.521314166484231	-0.174461713264438	0.10906159219658	0.0122468334704925	-102.76432280898416	0	0	0	1
/home/quinn/tmi_auto_calib/TMI-2017-Ultrasound-Toews/_02/pre/sweep_2a/2d/2a.2dus.00039sm.png	39	0.108702782615108	0.174879592900734	-0.00921110703898802	165.85750878974343	-0.0152621549559331	-0.00134187701069649	-0.205529052060693	-56.561049744613207	-0.174436587451928	0.10910218463267	0.0122432800088678	-102.84162402019294	0	0	0	1
/home/quinn/tmi_auto_calib/TMI-2017-Ultrasound-Toews/_02/pre/sweep_2a/2d/2a.2dus.00040sm.png	40	0.108525418274741	0.174993046007181	-0.00914822458450523	165.92933770214452	-0.0153870971460889	-0.00120465954491249	-0.20552058339718	-56.723462912536448	-0.174536019760248	0.108921724110341	0.0124311474233315	-102.5920949669603	0	0	0	1
/home/quinn/tmi_auto_calib/TMI-2017-Ultrasound-Toews/_02/pre/sweep_2a/2d/2a.2dus.00041sm.png	41	0.108542117366355	0.175002761247172	-0.00875600934770004	165.99624924398819	-0.0150947531588819	-0.000924928109253042	-0.205543706984101	-57.267990568961146	-0.174551163126292	0.108908849055151	0.0123308742092019	-102.71317200223258	0	0	0	1
/home/quinn/tmi_auto_calib/TMI-2017-Ultrasound-Toews/_02/pre/sweep_2a/2d/2a.2dus.00042sm.png	42	0.108644918195491	0.174947633297192	-0.00858069485825623	165.95741994132089	-0.0147579397223398	-0.000920745439487329	-0.205568184083862	-57.530631568511851	-0.17451600594068	0.10899741818138	0.0120427159494569	-102.90132872027293	0	0	0	1
/home/quinn/tmi_auto_calib/TMI-2017-Ultrasound-Toews/_02/pre/sweep_2a/2d/2a.2dus.00043sm.png	43	0.108797313638356	0.174852005612545	-0.0085983977900157	165.88525190318316	-0.0146953080955538	-0.000968390629280793	-0.205572452906934	-58.188164073003193	-0.174426327797997	0.109150344440681	0.0119569143384498	-103.03959627514054	0	0	0	1
/home/quinn/tmi_auto_calib/TMI-2017-Ultrasound-Toews/_02/pre/sweep_2a/2d/2a.2dus.00044sm.png	44	0.108809791203357	0.174846086144542	-0.00856077575581371	165.84765579609663	-0.0146886384772565	-0.000927314382572369	-0.20557311830292	-58.378433770205945	-0.174419106183946	0.109160183155906	0.0119724596010445	-103.09713368497688	0	0	0	1
/home/quinn/tmi_auto_calib/TMI-2017-Ultrasound-Toews/_02/pre/sweep_2a/2d/2a.2dus.00045sm.png	45	0.108949267358847	0.17476221918235	-0.00849868114274986	165.85283673227417	-0.0146764028255654	-0.000850660467004539	-0.205574322446949	-58.667360224160944	-0.174333048232722	0.109295024872543	0.011995999688974	-103.0523308949253	0	0	0	1
/home/quinn/tmi_auto_calib/TMI-2017-Ultrasound-Toews/_02/pre/sweep_2a/2d/2a.2dus.00046sm.png	46	0.109368016537634	0.17451565674	-0.00817950433459078	165.71396892927874	-0.0144600359720785	-0.000576955816638609	-0.205590601291618	-59.268135454614395	-0.174088758058499	0.109690072537362	0.0119387607655691	-103.395718695083	0	0	0	1
/home/quinn/tmi_auto_calib/TMI-2017-Ultrasound-Toews/_02/pre/sweep_2a/2d/2a.2dus.00047sm.png	47	0.109385230720544	0.17451375421118	-0.0079877041895248	165.6503661864428	-0.0145202187704093	-0.000311623908543392	-0.205586928546126	-59.772369647960318	-0.174072932735429	0.109694174049122	0.0121303351963947	-103.4107286970839	0	0	0	1
/home/quinn/tmi_auto_calib/TMI-2017-Ultrasound-Toews/_02/pre/sweep_2a/2d/2a.2dus.00048sm.png	48	0.109402459433136	0.174527673782161	-0.00742829198243569	165.53667545080336	-0.0143427545912874	0.000237153392188091	-0.205599476854	-60.512150437326738	-0.174076818171621	0.10967221243832	0.0122722954173856	-103.62426220866135	0	0	0	1
/home/quinn/tmi_auto_calib/TMI-2017-Ultrasound-Toews/_02/pre/sweep_2a/2d/2a.2dus.00049sm.png	49	0.109419840820168	0.174520808872471	-0.00733294521742067	165.51969310980098	-0.014308865171359	0.00032959780776508	-0.205601709467339	-60.606813239826863	-0.174068682353942	0.109682897365283	0.0122922177727396	-103.65518494253166	0	0	0	1
/home/quinn/tmi_auto_calib/TMI-2017-Ultrasound-Toews/_02/pre/sweep_2a/2d/2a.2dus.00050sm.png	50	0.109331806978916	0.174578792115416	-0.00726591675157238	165.45789921528441	-0.0143944106741701	0.000455075710032658	-0.20559549651065	-60.760314671559641	-0.174116938544499	0.109590134539019	0.0124351078614079	-103.49902181229409	0	0	0	1
/home/quinn/tmi_auto_calib/TMI-2017-Ultrasound-Toews/_02/pre/sweep_2a/2d/2a.2dus.00051sm.png	51	0.108960616525412	0.174830001244749	-0.00678772400107664	165.44174336393806	-0.014249109139437	0.000895407746039441	-0.205604165735728	-61.389300767320371	-0.174361401402876	0.109186209057687	0.0125613484239068	-103.18288906300526	0	0	0	1
/home/quinn/tmi_auto_calib/TMI-2017-Ultrasound-Toews/_02/pre/sweep_2a/2d/2a.2dus.00052sm.png	52	0.108910832537464	0.174865047607682	-0.00668341403116369	165.50937325452253	-0.0142319787728234	0.00100314764396084	-0.205604853283012	-61.711971025984397	-0.174393900983511	0.109129135241819	0.0126059479050653	-103.11663350575955	0	0	0	1
/home/quinn/tmi_auto_calib/TMI-2017-Ultrasound-Toews/_02/pre/sweep_2a/2d/2a.2dus.00053sm.png	53	0.108847204050212	0.174926209207232	-0.00609414440227475	165.52246239525533	-0.013706497271745	0.00136216199851184	-0.205638483982039	-62.618137256855583	-0.174475698786483	0.109027176363221	0.0123534994555889	-103.22781141709856	0	0	0	1
/home/quinn/tmi_auto_calib/TMI-2017-Ultrasound-Toews/_02/pre/sweep_2a/2d/2a.2dus.00054sm.png	54	0.108834600668423	0.174945161720321	-0.00576668185860347	165.59031586910331	-0.0137285754179874	0.00175992177178106	-0.205633986252087	-63.178304352260497	-0.174481825066045	0.108991065710303	0.0125834302813013	-103.28833228621424	0	0	0	1
/home/quinn/tmi_auto_calib/TMI-2017-Ultrasound-Toews/_02/pre/sweep_2a/2d/2a.2dus.00055sm.png	55	0.108849032661216	0.174949492423562	-0.00534791801273582	165.36665299351233	-0.0136574182415161	0.00220904582567813	-0.205634384558427	-63.709460849433398	-0.174478406628827	0.108975935673606	0.0127606151666801	-103.39112482625256	0	0	0	1
/home/quinn/tmi_auto_calib/TMI-2017-Ultrasound-Toews/_02/pre/sweep_2a/2d/2a.2dus.00056sm.png	56	0.108962000134765	0.174881524769319	-0.0052693228019963	165.32967503359041	-0.013604991735757	0.00227841318009638	-0.205637102165807	-63.82134173828203	-0.174411978059255	0.109083548101437	0.0127495132959658	-103.44310682121565	0	0	0	1
/home/quinn/tmi_auto_calib/TMI-2017-Ultrasound-Toews/_02/pre/sweep_2a/2d/2a.2dus.00057sm.png	57	0.108984623633938	0.174866361742818	-0.0053044001630243	165.23541952287147	-0.0138047979432502	0.00236410768239541	-0.205622816537096	-63.877071206598437	-0.174382139937424	0.109106030375758	0.0129635757986993	-103.52973625383181	0	0	0	1
/home/quinn/tmi_auto_calib/TMI-2017-Ultrasound-Toews/_02/pre/sweep_2a/2d/2a.2dus.00058sm.png	58	0.109020016842762	0.174856330293141	-0.00489184183869514	165.11033788547093	-0.0135897181828866	0.00271789235745529	-0.205632767695825	-64.321248763181842	-0.174376910315999	0.109113867845516	0.0129679748768417	-103.78580380003494	0	0	0	1
/home/quinn/tmi_auto_calib/TMI-2017-Ultrasound-Toews/_02/pre/sweep_2a/2d/2a.2dus.00059sm.png	59	0.109050592721761	0.174841400820593	-0.00474157680286936	165.08916968678554	-0.0135136179454828	0.00284970813999805	-0.205635996939371	-64.466707006514554	-0.174363705286096	0.109134426563157	0.0129725807532573	-103.76187912913842	0	0	0	1
/home/quinn/tmi_auto_calib/TMI-2017-Ultrasound-Toews/_02/pre/sweep_2a/2d/2a.2dus.00060sm.png	60	0.109107948529387	0.174812370399968	-0.00448542192914661	165.09857811846544	-0.0132814745708487	0.00301075203531758	-0.205648824856316	-64.678478544030639	-0.174345660585439	0.109176599443222	0.0128598392120578	-103.98521238647075	0	0	0	1
/home/quinn/tmi_auto_calib/TMI-2017-Ultrasound-Toews/_02/pre/sweep_2a/2d/2a.2dus.00061sm.png	61	0.109051454085732	0.174861627455484	-0.00390224952629486	165.01919723554863	-0.0130671630562286	0.00355782575407947	-0.20565381128027	-65.274207619095165	-0.174397193141088	0.109081219548475	0.0129698108605971	-103.77363596379617	0	0	0	1
/home/quinn/tmi_auto_calib/TMI-2017-Ultrasound-Toews/_02/pre/sweep_2a/2d/2a.2dus.00062sm.png	62	0.108721004066458	0.175074383498943	-0.00357232187188186	164.95934828103142	-0.0131855646250526	0.00399034076062013	-0.205638311146153	-65.768341549507682	-0.174594488814339	0.108724407387388	0.0133062821489615	-103.50126146948918	0	0	0	1
/home/quinn/tmi_auto_calib/TMI-2017-Ultrasound-Toews/_02/pre/sweep_2a/2d/2a.2dus.00063sm.png	63	0.108574147828133	0.175175564965803	-0.00304076401670561	165.00512218038034	-0.0128461167274465	0.00439044510096272	-0.205651639430192	-66.35660545855508	-0.174711141809731	0.108545864819378	0.0132321802094395	-103.34098190840317	0	0	0	1
/home/quinn/tmi_auto_calib/TMI-2017-Ultrasound-Toews/_02/pre/sweep_2a/2d/2a.2dus.00064sm.png	64	0.108555093251362	0.175192171402955	-0.00275105035268713	165.04829456307698	-0.0125893783868663	0.00456948279574456	-0.205663614607444	-66.636296069173156	-0.174741668313716	0.108511668703217	0.0131088896472519	-103.30309271541216	0	0	0	1
/home/quinn/tmi_auto_calib/TMI-2017-Ultrasound-Toews/_02/pre/sweep_2a/2d/2a.2dus.00065sm.png	65	0.108501998346268	0.175229787706049	-0.00243240237015038	165.08950114074369	-0.0124173538785597	0.00483215938492576	-0.205668066648745	-67.012602756826908	-0.17478694757207	0.108439527271337	0.0131020387307894	-103.3021024890634	0	0	0	1
/home/quinn/tmi_auto_calib/TMI-2017-Ultrasound-Toews/_02/pre/sweep_2a/2d/2a.2dus.00066sm.png	66	0.108344535652464	0.17533424953836	-0.00185856670164047	165.18690274436204	-0.012463180154737	0.00551993970941026	-0.205647978031552	-67.99584870019325	-0.17488133719389	0.108237657694004	0.0135051286767685	-103.1860771735921	0	0	0	1
/home/quinn/tmi_auto_calib/TMI-2017-Ultrasound-Toews/_02/pre/sweep_2a/2d/2a.2dus.00067sm.png	67	0.108386898849152	0.175313095508217	-0.00130051269350304	165.28104159466349	-0.0121983287629957	0.00601459107958347	-0.205649982790224	-68.773885785114587	-0.174873761031477	0.108245566080703	0.0135398258608002	-103.39070360412801	0	0	0	1
/home/quinn/tmi_auto_calib/TMI-2017-Ultrasound-Toews/_02/pre/sweep_2a/2d/2a.2dus.00068sm.png	68	0.108429754579319	0.175288492735904	-0.001012138934519	165.32642190523248	-0.0120085166891722	0.00623935257446563	-0.205654456214861	-69.134949608663078	-0.174860330586543	0.108272684147416	0.0134964385292253	-103.54810854850962	0	0	0	1
/home/quinn/tmi_auto_calib/TMI-2017-Ultrasound-Toews/_02/pre/sweep_2a/2d/2a.2dus.00069sm.png	69	0.108654819678256	0.175150563634075	-0.000700301527216106	165.1867751514072	-0.0117733021420867	0.00647995935226294	-0.205660614233622	-69.767149460630691	-0.174736575682933	0.108481563060819	0.0134221820151026	-103.66462829927954	0	0	0	1
/home/quinn/tmi_auto_calib/TMI-2017-Ultrasound-Toews/_02/pre/sweep_2a/2d/2a.2dus.00070sm.png	70	0.108727247667027	0.175105862038204	-0.000631644956256348	165.14887751225845	-0.0116847735342186	0.006512142769289	-0.205664646430753	-69.907856822604174	-0.174697461476255	0.108551777576738	0.0133636773527581	-103.75643920887973	0	0	0	1
/home/quinn/tmi_auto_calib/TMI-2017-Ultrasound-Toews/_02/pre/sweep_2a/2d/2a.2dus.00071sm.png	71	0.108745517100876	0.175094619327223	-0.000601792566233213	165.09187648727882	-0.0116545469722832	0.00653007177586361	-0.205665792953788	-70.064173675094864	-0.174688108952425	0.10856883431223	0.0133474002570883	-103.78151698671329	0	0	0	1
/home/quinn/tmi_auto_calib/TMI-2017-Ultrasound-Toews/_02/pre/sweep_2a/2d/2a.2dus.00072sm.png	72	0.108956488296026	0.174964139236824	-0.000313100958925948	165.22471151807346	-0.0111697601079648	0.0065864112719317	-0.205690895561853	-70.604059134625899	-0.174588291363908	0.108775587823435	0.0129649947928419	-103.94290301268236	0	0	0	1
/home/quinn/tmi_auto_calib/TMI-2017-Ultrasound-Toews/_02/pre/sweep_2a/2d/2a.2dus.00073sm.png	73	0.108849496858189	0.175030909445647	-0.000197914916302144	165.23088720611921	-0.0110560773179549	0.00664174186239833	-0.205695258096959	-70.748314945441862	-0.174662249934263	0.108664747468177	0.0128978783269819	-103.94721859588518	0	0	0	1
/home/quinn/tmi_auto_calib/TMI-2017-Ultrasound-Toews/_02/pre/sweep_2a/2d/2a.2dus.00074sm.png	74	0.108657733786151	0.175150161146319	-4.00845611254171e-005	165.13537158968461	-0.0108525821060858	0.00668423096844293	-0.205704718761768	-71.003095137555121	-0.174794364079992	0.108469818131306	0.0127475766950503	-103.75083240175036	0	0	0	1
/home/quinn/tmi_auto_calib/TMI-2017-Ultrasound-Toews/_02/pre/sweep_2a/2d/2a.2dus.00075sm.png	75	0.108615063930449	0.175175487278849	0.000637388306647268	164.93104935154895	-0.0104639959228062	0.00723535850926742	-0.205706202758969	-72.081634880822136	-0.174844571093164	0.108393531091665	0.0127076953795122	-103.67463598252088	0	0	0	1
/home/quinn/tmi_auto_calib/TMI-2017-Ultrasound-Toews/_02/pre/sweep_2a/2d/2a.2dus.00076sm.png	76	0.10855426505468	0.175212761457506	0.00074406415128193	164.85741069040921	-0.0104265361672996	0.00733223738171153	-0.205704673926213	-72.272298091579444	-0.174884562629269	0.108326755033431	0.0127266308454046	-103.64041289271519	0	0	0	1
/home/quinn/tmi_auto_calib/TMI-2017-Ultrasound-Toews/_02/pre/sweep_2a/2d/2a.2dus.00077sm.png	77	0.108715999659962	0.175111940302452	0.000851206932030831	164.94828360988834	-0.010261670593131	0.00736963637199406	-0.205711627837894	-72.414376306880897	-0.174793823971597	0.108487124406147	0.0126069527749053	-103.6469396767272	0	0	0	1
/home/quinn/tmi_auto_calib/TMI-2017-Ultrasound-Toews/_02/pre/sweep_2a/2d/2a.2dus.00078sm.png	78	0.108962388334669	0.174957634449603	0.00104647435166629	164.97882279987209	-0.0100887485762485	0.00751253806713559	-0.205715011395827	-72.885274837787563	-0.174650412094018	0.108726019232972	0.0125368503649164	-103.70416661899242	0	0	0	1
/home/quinn/tmi_auto_calib/TMI-2017-Ultrasound-Toews/_02/pre/sweep_2a/2d/2a.2dus.00079sm.png	79	0.109076036923555	0.174884654441781	0.00135702898625848	164.83806672675732	-0.00990369167424775	0.0077721670494056	-0.205714357197722	-73.463295076631283	-0.174590052478121	0.108825136796581	0.0125178014956507	-103.84277774172665	0	0	0	1
/home/quinn/tmi_auto_calib/TMI-2017-Ultrasound-Toews/_02/pre/sweep_2a/2d/2a.2dus.00080sm.png	80	0.109453847302748	0.174643328501679	0.00189965655148059	164.71330552888193	-0.00909278839838242	0.0079356502538864	-0.205745554653569	-74.432908351749845	-0.174397614300797	0.109200240858536	0.0119202216635439	-104.26618001865094	0	0	0	1
/home/quinn/tmi_auto_calib/TMI-2017-Ultrasound-Toews/_02/pre/sweep_2a/2d/2a.2dus.00081sm.png	81	0.109770116156362	0.174442301019575	0.0021054020224059	164.74210476344368	-0.00940696287527434	0.00840137382733645	-0.205712934109633	-75.374536958225264	-0.174182036997282	0.109486345593727	0.0124374298613513	-104.45934787706759	0	0	0	1
/home/quinn/tmi_auto_calib/TMI-2017-Ultrasound-Toews/_02/pre/sweep_2a/2d/2a.2dus.00082sm.png	82	0.10991619832356	0.174349975756461	0.0021293506021407	164.90866575821173	-0.00898702711757682	0.0081774967735133	-0.20574073000725	-75.69240492070891	-0.174112073256636	0.109650234103262	0.0119645944905413	-104.78551406558081	0	0	0	1
/home/quinn/tmi_auto_calib/TMI-2017-Ultrasound-Toews/_02/pre/sweep_2a/2d/2a.2dus.00083sm.png	83	0.109853999311269	0.174390318198845	0.0020341869698507	164.83747721481373	-0.00907031095190801	0.00811256399243241	-0.205739646045245	-75.853421707078496	-0.174147005884672	0.109590887224412	0.011999740321159	-104.71458728708257	0	0	0	1
/home/quinn/tmi_auto_calib/TMI-2017-Ultrasound-Toews/_02/pre/sweep_2a/2d/2a.2dus.00084sm.png	84	0.110410597693296	0.174033986829773	0.00237938544465064	164.86223484599935	-0.00829885473474002	0.00807728807841347	-0.205773597062205	-76.364132100656093	-0.173833196746598	0.110158468508292	0.0113357362448776	-105.17978293725491	0	0	0	1
/home/quinn/tmi_auto_calib/TMI-2017-Ultrasound-Toews/_02/pre/sweep_2a/2d/2a.2dus.00085sm.png	85	0.110511004391073	0.173967572509343	0.00256641004761085	164.87630619696577	-0.00810863849493043	0.00818561898382306	-0.205776899377577	-76.686194856518753	-0.173778362445602	0.110255334091906	0.0112345387641972	-105.19859169604744	0	0	0	1
/home/quinn/tmi_auto_calib/TMI-2017-Ultrasound-Toews/_02/pre/sweep_2a/2d/2a.2dus.00086sm.png	86	0.110145529558371	0.174192692194397	0.00297939336302064	164.88062279723286	-0.00795996393630438	0.0085518115289149	-0.205767809549777	-77.498261566526537	-0.17401710449401	0.10987143324951	0.0112989117839358	-104.7493638563659	0	0	0	1
/home/quinn/tmi_auto_calib/TMI-2017-Ultrasound-Toews/_02/pre/sweep_2a/2d/2a.2dus.00087sm.png	87	0.110114965217181	0.17420824801047	0.00319247327228827	165.00535399625716	-0.00802990715037735	0.00884533914223184	-0.205752681255132	-78.00833265088211	-0.174033233580302	0.109823520428189	0.0115141612788725	-104.71801595531221	0	0	0	1
/home/quinn/tmi_auto_calib/TMI-2017-Ultrasound-Toews/_02/pre/sweep_2a/2d/2a.2dus.00088sm.png	88	0.110090362100475	0.17421538180286	0.00362313148623177	165.18489373827825	-0.00745904688362344	0.00899206253979655	-0.205767807979167	-79.005734893570605	-0.174074197272929	0.109800286398642	0.0111092644629833	-104.94100337764999	0	0	0	1
/home/quinn/tmi_auto_calib/TMI-2017-Ultrasound-Toews/_02/pre/sweep_2a/2d/2a.2dus.00089sm.png	89	0.110007457317522	0.174265894475214	0.00371171404321942	165.24415821262909	-0.00729038757686427	0.00898416551469252	-0.205774197899081	-79.224644799434287	-0.174133744425235	0.109720746130428	0.0109606704665966	-104.98585606995681	0	0	0	1
/home/quinn/tmi_auto_calib/TMI-2017-Ultrasound-Toews/_02/pre/sweep_2a/2d/2a.2dus.00090sm.png	90	0.11003387802403	0.174244947766695	0.00390671313353428	165.53076579353777	-0.00736872260954785	0.00926583074987684	-0.205758915255434	-80.289087292912342	-0.174113752983895	0.109730587790989	0.0111776573854079	-104.75687288543104	0	0	0	1
/home/quinn/tmi_auto_calib/TMI-2017-Ultrasound-Toews/_02/pre/sweep_2a/2d/2a.2dus.00091sm.png	91	0.110039364955829	0.174238788318983	0.00402509806701145	165.51321747767673	-0.00750264921024917	0.0094904811948328	-0.205743834475111	-80.806081838707442	-0.174104565646586	0.109721168196856	0.0114108194383743	-104.90137576431827	0	0	0	1
/home/quinn/tmi_auto_calib/TMI-2017-Ultrasound-Toews/_02/pre/sweep_2a/2d/2a.2dus.00092sm.png	92	0.110384020887247	0.174021668612823	0.00397799897176542	165.40850384232081	-0.00749866548220297	0.00945900007723651	-0.205745429583468	-81.29331634772042	-0.173886426476566	0.11006791316913	0.011398568722482	-105.13264139419996	0	0	0	1
/home/quinn/tmi_auto_calib/TMI-2017-Ultrasound-Toews/_02/pre/sweep_2a/2d/2a.2dus.00093sm.png	93	0.110411146230037	0.174004083168907	0.0039942379245066	165.36488983554338	-0.00755092221858436	0.00951339780376832	-0.205741009930102	-81.507389085300019	-0.17386694259076	0.110091024345471	0.0114724250082605	-105.14072150407742	0	0	0	1
/home/quinn/tmi_auto_calib/TMI-2017-Ultrasound-Toews/_02/pre/sweep_2a/2d/2a.2dus.00094sm.png	94	0.110576563269572	0.173897141191369	0.00407361357829717	165.37136438520724	-0.00735114175313163	0.00949349010600474	-0.205749164904322	-81.660629311171434	-0.173770353439406	0.110261585648566	0.011296922271805	-105.07096666745073	0	0	0	1
/home/quinn/tmi_auto_calib/TMI-2017-Ultrasound-Toews/_02/pre/sweep_2a/2d/2a.2dus.00095sm.png	95	0.110649591399588	0.173850318948612	0.00408858768021758	165.39707599482716	-0.00728541405745952	0.00947509273329793	-0.205752350981004	-81.76936732331167	-0.173726630166926	0.110336977291482	0.0112333056486922	-105.07816099714869	0	0	0	1
/home/quinn/tmi_auto_calib/TMI-2017-Ultrasound-Toews/_02/pre/sweep_2a/2d/2a.2dus.00096sm.png	96	0.110577476590319	0.173898974565503	0.00396916891492361	165.44152245686047	-0.00757068013037153	0.00950926237115524	-0.205740475008785	-82.078495481924818	-0.173760345986423	0.110257334961818	0.0114907040911612	-105.24385318274383	0	0	0	1
/home/quinn/tmi_auto_calib/TMI-2017-Ultrasound-Toews/_02/pre/sweep_2a/2d/2a.2dus.00097sm.png	97	0.110479261518209	0.173953242465414	0.00431221993575586	165.50322887019399	-0.00728877371878063	0.00972876466334101	-0.205740392379661	-82.759091289880004	-0.173834858173233	0.110152530214034	0.0113679084230516	-105.1408387159258	0	0	0	1
/home/quinn/tmi_auto_calib/TMI-2017-Ultrasound-Toews/_02/pre/sweep_2a/2d/2a.2dus.00098sm.png	98	0.110432277537422	0.173978042398927	0.00451102287100412	165.53593221691253	-0.00710913772619618	0.00984652651151732	-0.205741075493567	-83.115531289229779	-0.173872147288541	0.110102888324306	0.0112780391307084	-105.07275029942531	0	0	0	1
/home/quinn/tmi_auto_calib/TMI-2017-Ultrasound-Toews/_02/pre/sweep_2a/2d/2a.2dus.00099sm.png	99	0.110419115263624	0.173980859683866	0.00471988980230123	165.5321381271024	-0.00709708830495601	0.0100849339257363	-0.205729942301993	-83.642494285862725	-0.173880998634211	0.110076854560965	0.011395048042848	-104.94637215473674	0	0	0	1
/home/quinn/tmi_auto_calib/TMI-2017-Ultrasound-Toews/_02/pre/sweep_2a/2d/2a.2dus.00100sm.png	100	0.110604922478366	0.173863066317753	0.00470871041275608	165.56490554756357	-0.00680136760862762	0.00989846214165007	-0.205748987930477	-83.921256362308654	-0.17377469288204	0.11027970781825	0.0110505950545418	-105.11575146661234	0	0	0	1
/home/quinn/tmi_auto_calib/TMI-2017-Ultrasound-Toews/_02/pre/sweep_2a/2d/2a.2dus.00101sm.png	101	0.111029525836646	0.173591447578406	0.0047344236573529	165.46431346235053	-0.00616797867620497	0.0095568373049571	-0.205785101712206	-84.703529336080976	-0.173527380535695	0.110736784886593	0.0103446017398423	-105.56702014852584	0	0	0	1
/home/quinn/tmi_auto_calib/TMI-2017-Ultrasound-Toews/_02/pre/sweep_2a/2d/2a.2dus.00102sm.png	102	0.111366462650605	0.173377744492009	0.00464855561802492	165.35643771712739	-0.00593166969579356	0.00932730567604558	-0.205802581224958	-85.113971958407646	-0.173319582434737	0.111090586560468	0.0100310583208879	-105.84230614328074	0	0	0	1
/home/quinn/tmi_auto_calib/TMI-2017-Ultrasound-Toews/_02/pre/sweep_2a/2d/2a.2dus.00103sm.png	103	0.111764821454214	0.173119003629685	0.00472775227416873	165.26531308632704	-0.00529543958176148	0.00903904167874893	-0.205832798299138	-85.523498672533705	-0.173083605142093	0.111517109209549	0.00935099684562305	-106.09328296057456	0	0	0	1
/home/quinn/tmi_auto_calib/TMI-2017-Ultrasound-Toews/_02/pre/sweep_2a/2d/2a.2dus.00104sm.png	104	0.112019749304091	0.172952605286134	0.00478258225660339	165.21905612484775	-0.00499759499545232	0.00892819490909314	-0.205845084096791	-85.710787342745263	-0.172927589395534	0.111783912076218	0.00904775659322563	-106.28790969653309	0	0	0	1
/home/quinn/tmi_auto_calib/TMI-2017-Ultrasound-Toews/_02/pre/sweep_2a/2d/2a.2dus.00105sm.png	105	0.112453307068226	0.172674166179116	0.00466478828582224	164.89074797422307	-0.00456199966525825	0.00853166311205543	-0.205872017007279	-86.299482109959428	-0.172658024002692	0.112244386931148	0.00847856136553975	-106.68510529264256	0	0	0	1
/home/quinn/tmi_auto_calib/TMI-2017-Ultrasound-Toews/_02/pre/sweep_2a/2d/2a.2dus.00106sm.png	106	0.112723768339841	0.172500397978726	0.00456312200819462	164.92257853960498	-0.00434644786943951	0.00828554606167228	-0.205886734386633	-86.304545928905085	-0.172487135190496	0.11252964837011	0.00817093387396594	-107.02794029135845	0	0	0	1
/home/quinn/tmi_auto_calib/TMI-2017-Ultrasound-Toews/_02/pre/sweep_2a/2d/2a.2dus.00107sm.png	107	0.112942534153602	0.172356069954801	0.00460577698041525	164.75019448868653	-0.0034387496720463	0.00775501840643665	-0.205924564196466	-86.576281735908495	-0.172364469493268	0.112788315786305	0.00712701326842683	-107.31789193513448	0	0	0	1
/home/quinn/tmi_auto_calib/TMI-2017-Ultrasound-Toews/_02/pre/sweep_2a/2d/2a.2dus.00108sm.png	108	0.112914572888332	0.172375100354327	0.00457926809831139	164.77362997652807	-0.00322251609925909	0.00758051068489251	-0.205934560934596	-86.721417450651671	-0.172386965816665	0.112771095473316	0.00684985807045281	-107.11257280465966	0	0	0	1
/home/quinn/tmi_auto_calib/TMI-2017-Ultrasound-Toews/_02/pre/sweep_2a/2d/2a.2dus.00109sm.png	109	0.112905213060521	0.172369953456546	0.00498592425056907	164.78053132876823	-0.00191937103886734	0.0072135609666522	-0.205964013758536	-87.460492509754133	-0.172412529250673	0.112803027540169	0.00555870803942725	-107.09638197097698	0	0	0	1
/home/quinn/tmi_auto_calib/TMI-2017-Ultrasound-Toews/_02/pre/sweep_2a/2d/2a.2dus.00110sm.png	110	0.113014677935119	0.172298698014852	0.00496808816381353	164.57194708551398	-0.00183621765312307	0.00714197605987805	-0.205967267301725	-87.882159954037888	-0.172341701976022	0.11291638578615	0.00545312199408903	-107.28730044938661	0	0	0	1
/home/quinn/tmi_auto_calib/TMI-2017-Ultrasound-Toews/_02/pre/sweep_2a/2d/2a.2dus.00111sm.png	111	0.113207122967813	0.172164485080518	0.00523134289478551	164.44118647135326	-0.00100398336028839	0.00691764012389251	-0.205980665354659	-88.546144921620311	-0.172222213116668	0.113134856126377	0.00464027917214833	-107.94923032948672	0	0	0	1
/home/quinn/tmi_auto_calib/TMI-2017-Ultrasound-Toews/_02/pre/sweep_2a/2d/2a.2dus.00112sm.png	112	0.113288276614199	0.172113919946247	0.00513704826553825	164.45847578379252	-0.000724582468409487	0.006623637802176	-0.205991504489259	-88.766207256717564	-0.172170243439659	0.113229348323047	0.00424787624529262	-108.02277296166287	0	0	0	1
/home/quinn/tmi_auto_calib/TMI-2017-Ultrasound-Toews/_02/pre/sweep_2a/2d/2a.2dus.00113sm.png	113	0.113235445060675	0.172153410026182	0.00497639725461006	164.50226887939539	-0.000627756006195364	0.00636615793370901	-0.205999942981554	-89.4213636708146	-0.172205375259741	0.113184074799329	0.0040240031296029	-108.13932718814642	0	0	0	1
/home/quinn/tmi_auto_calib/TMI-2017-Ultrasound-Toews/_02/pre/sweep_2a/2d/2a.2dus.00114sm.png	114	0.113415829473953	0.172035810166905	0.00493412269791297	164.48559391156476	-0.000149381331327639	0.00600541708224712	-0.206011681836584	-89.508518911351331	-0.172087706341835	0.113382425113174	0.00343147479815573	-108.52970169988228	0	0	0	1
/home/quinn/tmi_auto_calib/TMI-2017-Ultrasound-Toews/_02/pre/sweep_2a/2d/2a.2dus.00115sm.png	115	0.1134486814304	0.172022054266857	0.00465001257853455	164.18097606140722	0.000496451537870208	0.00524010312911441	-0.2060320341384	-89.588433338966979	-0.172065399141183	0.113441233701271	0.00247223199531544	-108.67947689466814	0	0	0	1
/home/quinn/tmi_auto_calib/TMI-2017-Ultrasound-Toews/_02/pre/sweep_2a/2d/2a.2dus.00116sm.png	116	0.113498134342576	0.171991633603956	0.00456741436950152	164.14620120380971	0.000726388089134758	0.00499028701293492	-0.206037557212705	-89.520658657700849	-0.172031965707362	0.113498609438313	0.00214415088666835	-108.70180600712554	0	0	0	1
/home/quinn/tmi_auto_calib/TMI-2017-Ultrasound-Toews/_02/pre/sweep_2a/2d/2a.2dus.00117sm.png	117	0.113552343449917	0.171960279780972	0.00439697950921521	164.1537178481436	0.00080082344162175	0.00473768835905804	-0.206043247432112	-89.336860723757852	-0.171995858505046	0.113556927685289	0.00194432457455896	-108.83951519989128	0	0	0	1
/home/quinn/tmi_auto_calib/TMI-2017-Ultrasound-Toews/_02/pre/sweep_2a/2d/2a.2dus.00118sm.png	118	0.113400806871526	0.172062154472567	0.00432285215578387	164.04317854940382	0.000772803504809468	0.00466531376872351	-0.206045006615101	-89.471270145343709	-0.17209593586041	0.113405507733784	0.0019240159688182	-108.65702458467412	0	0	0	1
/home/quinn/tmi_auto_calib/TMI-2017-Ultrasound-Toews/_02/pre/sweep_2a/2d/2a.2dus.00119sm.png	119	0.113233016935178	0.172176795935668	0.00415447417946855	164.04793087841574	0.000675302691606304	0.00452563249938693	-0.206048465897993	-89.804435311387365	-0.172206791985894	0.113237047517442	0.00192449593450402	-108.51086022233574	0	0	0	1
/home/quinn/tmi_auto_calib/TMI-2017-Ultrasound-Toews/_02/pre/sweep_2a/2d/2a.2dus.00120sm.png	120	0.113152775949518	0.172234199899914	0.00395712150313621	164.10961033158074	0.000729800594463318	0.00425259751172246	-0.206054099360157	-89.756879323740733	-0.172259304683523	0.113160307254352	0.0017271263736024	-108.47605841561462	0	0	0	1
/home/quinn/tmi_auto_calib/TMI-2017-Ultrasound-Toews/_02/pre/sweep_2a/2d/2a.2dus.00121sm.png	121	0.113200757873549	0.172198651342002	0.00412790850074622	164.1565963299777	0.00123516254913171	0.00412538467539311	-0.206054278815598	-90.26389084690156	-0.172224894119206	0.113219101815618	0.0012362008006867	-108.39598723994987	0	0	0	1
/home/quinn/tmi_auto_calib/TMI-2017-Ultrasound-Toews/_02/pre/sweep_2a/2d/2a.2dus.00122sm.png	122	0.11339311810889	0.172072179937082	0.0041207460652527	164.04637579394307	0.0015121122831068	0.00393594899606131	-0.206056141209265	-90.839498448169934	-0.17209609422072	0.11341795508587	0.000905406560328794	-108.58671820515299	0	0	0	1
/home/quinn/tmi_auto_calib/TMI-2017-Ultrasound-Toews/_02/pre/sweep_2a/2d/2a.2dus.00123sm.png	123	0.113491115035974	0.172007955074983	0.00410353587198359	163.98719771547786	0.00163760114665135	0.00383313983573685	-0.206057121882254	-91.121007133705589	-0.172030335796964	0.113518852040451	0.000746427608881755	-108.69094530686942	0	0	0	1
/home/quinn/tmi_auto_calib/TMI-2017-Ultrasound-Toews/_02/pre/sweep_2a/2d/2a.2dus.00124sm.png	124	0.113518314897444	0.171992549423358	0.00399523608987035	163.93297769924271	0.0017237814294224	0.00364660971299621	-0.20605980700133	-91.118641677837715	-0.172011546485894	0.113548335606976	0.000572421511604344	-108.79180552834347	0	0	0	1
/home/quinn/tmi_auto_calib/TMI-2017-Ultrasound-Toews/_02/pre/sweep_2a/2d/2a.2dus.00125sm.png	125	0.113848236524257	0.171773505971941	0.00402843075846911	164.01034695998882	0.00225594137937229	0.00333498620012183	-0.206059952745095	-91.248939139334837	-0.17178719723207	0.113888980379193	-3.54899942663417e-005	-109.30319239841791	0	0	0	1
/home/quinn/tmi_auto_calib/TMI-2017-Ultrasound-Toews/_02/pre/sweep_2a/2d/2a.2dus.00126sm.png	126	0.113936028471273	0.171717314534977	0.00394032641451342	163.91384593358379	0.00251985589057868	0.00305404744568021	-0.206061254275822	-91.360159273729394	-0.171725312946357	0.113981560007551	-0.000408599128925126	-109.36857468435963	0	0	0	1
/home/quinn/tmi_auto_calib/TMI-2017-Ultrasound-Toews/_02/pre/sweep_2a/2d/2a.2dus.00127sm.png	127	0.11396306658517	0.171700630937954	0.00388481752116037	163.85447506469788	0.00263247415488593	0.00291256021966875	-0.206061897009074	-91.408428841651684	-0.171705681031142	0.114010392803177	-0.000580028512610925	-109.37561963854603	0	0	0	1
/home/quinn/tmi_auto_calib/TMI-2017-Ultrasound-Toews/_02/pre/sweep_2a/2d/2a.2dus.00128sm.png	128	0.114034218529743	0.171655578994052	0.00378596130097283	163.85271262412436	0.00278598009263093	0.0026915518390522	-0.206062887595949	-91.451808409353617	-0.171656012662751	0.114083640753502	-0.000828548051147647	-109.44570960997126	0	0	0	1
/home/quinn/tmi_auto_calib/TMI-2017-Ultrasound-Toews/_02/pre/sweep_2a/2d/2a.2dus.00129sm.png	129	0.11423383499558	0.171528238229182	0.00352923923854981	163.81909726837833	0.00305477931723439	0.00220280465030094	-0.206064890236612	-91.408733555919767	-0.171518659712482	0.114285477994036	-0.00131875751987068	-109.60733140797539	0	0	0	1
/home/quinn/tmi_auto_calib/TMI-2017-Ultrasound-Toews/_02/pre/sweep_2a/2d/2a.2dus.00130sm.png	130	0.114271263412572	0.17150579358498	0.0034058008085125	163.72451120094684	0.00281153065619426	0.00221626072693736	-0.206068207431848	-91.696838776934584	-0.171497886335384	0.114318897361006	-0.0011081723257925	-109.69902671413735	0	0	0	1
/home/quinn/tmi_auto_calib/TMI-2017-Ultrasound-Toews/_02/pre/sweep_2a/2d/2a.2dus.00131sm.png	131	0.11428188178444	0.171499798985014	0.00335081303836567	163.67623792472799	0.00266780284533648	0.00224590920113681	-0.206069796413274	-91.859348190179034	-0.171493106823062	0.114327311604095	-0.000971955451692734	-109.74236729980871	0	0	0	1
/home/quinn/tmi_auto_calib/TMI-2017-Ultrasound-Toews/_02/pre/sweep_2a/2d/2a.2dus.00132sm.png	132	0.114319247193804	0.171475104072865	0.00333969441733517	163.65640642961597	0.00272706950279534	0.00219276018766856	-0.20606959398012	-91.979861032359267	-0.171467268529622	0.114365378610046	-0.00105000823492921	-109.79007351788616	0	0	0	1
/home/quinn/tmi_auto_calib/TMI-2017-Ultrasound-Toews/_02/pre/sweep_2a/2d/2a.2dus.00133sm.png	133	0.11455341753465	0.171322488001151	0.00313999757475623	163.70464711638846	0.00264419514426984	0.00200621477595211	-0.206072577116992	-92.119475579064897	-0.171312212428687	0.114597292926264	-0.00108028460052458	-109.92014412093127	0	0	0	1
/home/quinn/tmi_auto_calib/TMI-2017-Ultrasound-Toews/_02/pre/sweep_2a/2d/2a.2dus.00134sm.png	134	0.114599026679042	0.171287713104392	0.00336457289578239	163.64193973765438	0.00264957059685227	0.0022725132345357	-0.206069739531341	-92.742378929701573	-0.1712816225516	0.114644294937542	-0.000935808709396322	-109.97031623192059	0	0	0	1
/home/quinn/tmi_auto_calib/TMI-2017-Ultrasound-Toews/_02/pre/sweep_2a/2d/2a.2dus.00135sm.png	135	0.114606820943972	0.171279621929117	0.00350794084305098	163.60242880950193	0.00266918541290594	0.00243186021027272	-0.206067665266062	-93.083577833600131	-0.171276102846802	0.114653113810293	-0.000863320370372085	-109.98978315912268	0	0	0	1
/home/quinn/tmi_auto_calib/TMI-2017-Ultrasound-Toews/_02/pre/sweep_2a/2d/2a.2dus.00136sm.png	136	0.114690852051165	0.171220352108628	0.00365139782945832	163.59332716336635	0.0025803392051338	0.00266358128533652	-0.206065928475682	-93.517208229892972	-0.171221206833163	0.114736461934267	-0.000658828181179051	-109.96524384115138	0	0	0	1
/home/quinn/tmi_auto_calib/TMI-2017-Ultrasound-Toews/_02/pre/sweep_2a/2d/2a.2dus.00137sm.png	137	0.114690010413992	0.171213570424593	0.00398110282581022	163.58803749014032	0.00236148388835441	0.00320714037533869	-0.206060801704044	-94.147145910618121	-0.171224928877555	0.114732675780421	-0.000174529662926233	-110.18920046637305	0	0	0	1
/home/quinn/tmi_auto_calib/TMI-2017-Ultrasound-Toews/_02/pre/sweep_2a/2d/2a.2dus.00138sm.png	138	0.11469720967482	0.17120695267387	0.00405753780936672	163.53095476307686	0.00239051119941028	0.00327969640820887	-0.20605932407283	-94.276991347620168	-0.171219703635581	0.114740499764716	-0.000158078462392396	-110.03417797921466	0	0	0	1
/home/quinn/tmi_auto_calib/TMI-2017-Ultrasound-Toews/_02/pre/sweep_2a/2d/2a.2dus.00139sm.png	139	0.114710000783895	0.171197864030848	0.00407927830383781	163.50003252418881	0.00241706990414439	0.00328805520405533	-0.206058881005317	-94.324054951140454	-0.171210761511295	0.114753820776957	-0.000175175862144057	-109.92313455789977	0	0	0	1
/home/quinn/tmi_auto_calib/TMI-2017-Ultrasound-Toews/_02/pre/sweep_2a/2d/2a.2dus.00140sm.png	140	0.114679255978155	0.171216784918494	0.00414926226401183	163.44419809470611	0.00230609452712789	0.00344668972660056	-0.206057558078329	-94.554610591506659	-0.171232886854042	0.114720931964321	4.54826128454563e-006	-109.99914623608005	0	0	0	1
/home/quinn/tmi_auto_calib/TMI-2017-Ultrasound-Toews/_02/pre/sweep_2a/2d/2a.2dus.00141sm.png	141	0.114728329846476	0.171178457349039	0.00436798214090485	163.44134440803398	0.00268043703970044	0.00345906843633135	-0.206052822007085	-94.784147960608834	-0.171194558768539	0.114777741412766	-0.000298184774165548	-110.17803979356263	0	0	0	1
/home/quinn/tmi_auto_calib/TMI-2017-Ultrasound-Toews/_02/pre/sweep_2a/2d/2a.2dus.00142sm.png	142	0.114699736533392	0.171196661490866	0.00440552129244796	163.34624850536537	0.00281732878911271	0.00341257354326533	-0.206051772055727	-94.904812581734433	-0.171211519652461	0.114751979394054	-0.000438467858378162	-110.19391074520307	0	0	0	1
/home/quinn/tmi_auto_calib/TMI-2017-Ultrasound-Toews/_02/pre/sweep_2a/2d/2a.2dus.00143sm.png	143	0.114673919035552	0.171213817728223	0.00441107853449186	163.2870793463062	0.00283997372573896	0.00340417029205272	-0.206051600365567	-94.975164215595242	-0.171228438661062	0.114726629786676	-0.000462614502051911	-110.19804988565204	0	0	0	1
/home/quinn/tmi_auto_calib/TMI-2017-Ultrasound-Toews/_02/pre/sweep_2a/2d/2a.2dus.00144sm.png	144	0.114707204618515	0.171190236301426	0.00446037993896347	163.28491141783408	0.00293848010728384	0.00339738738449679	-0.206050331438974	-95.16940721890056	-0.171204479810856	0.114762015025361	-0.000547324323689541	-110.1614962104189	0	0	0	1
/home/quinn/tmi_auto_calib/TMI-2017-Ultrasound-Toews/_02/pre/sweep_2a/2d/2a.2dus.00145sm.png	145	0.114707900213203	0.171191032037183	0.0044116635462792	163.20556726883052	0.00308437023060657	0.00324093772304284	-0.206050721928862	-95.581167133881081	-0.171201447578573	0.114765352835162	-0.000755550511566856	-110.13905095454152	0	0	0	1
/home/quinn/tmi_auto_calib/TMI-2017-Ultrasound-Toews/_02/pre/sweep_2a/2d/2a.2dus.00146sm.png	146	0.11491376998899	0.171046999445474	0.00463378067103735	162.99962264214903	0.00355531947093397	0.00319092899895117	-0.206043916537088	-96.240890364645239	-0.17105419180604	0.114981308443952	-0.00116883445203681	-110.53498065304468	0	0	0	1
/home/quinn/tmi_auto_calib/TMI-2017-Ultrasound-Toews/_02/pre/sweep_2a/2d/2a.2dus.00147sm.png	147	0.11492761350043	0.171032885422184	0.00480810480781657	162.91953357239549	0.00368220918779624	0.00331555885274567	-0.206039718820656	-96.517357018020263	-0.171042206354553	0.11499877613399	-0.00120417427655581	-110.62751713177175	0	0	0	1
/home/quinn/tmi_auto_calib/TMI-2017-Ultrasound-Toews/_02/pre/sweep_2a/2d/2a.2dus.00148sm.png	148	0.115101686562883	0.170913328137377	0.00489362319869123	162.91482123087118	0.00385641944654983	0.00329981181183427	-0.206036785293976	-96.616970049256196	-0.170921271769995	0.11517684162049	-0.00135247807352027	-110.84182746653816	0	0	0	1
/home/quinn/tmi_auto_calib/TMI-2017-Ultrasound-Toews/_02/pre/sweep_2a/2d/2a.2dus.00149sm.png	149	0.11510895530982	0.170904935970071	0.00501424754883014	162.81670909996924	0.00398722599637354	0.00335704019376779	-0.20603337053567	-96.836669302810222	-0.170913375135992	0.115187640312938	-0.00142870096821128	-110.74169038120147	0	0	0	1
/home/quinn/tmi_auto_calib/TMI-2017-Ultrasound-Toews/_02/pre/sweep_2a/2d/2a.2dus.00150sm.png	150	0.115104627819981	0.17090103167137	0.00524159407421967	162.52226080905035	0.00449790666906608	0.00328703479479659	-0.206023985760847	-97.314049182800773	-0.170903612758948	0.115195451796409	-0.00189119591829884	-110.65474246201227	0	0	0	1
/home/quinn/tmi_auto_calib/TMI-2017-Ultrasound-Toews/_02/pre/sweep_2a/2d/2a.2dus.00151sm.png	151	0.115148708373945	0.17086447618903	0.00546038730638715	162.45988726537351	0.0047950948746922	0.00334987669053236	-0.206016270897464	-97.604348875846554	-0.170865834469608	0.115247856559098	-0.00210093674182091	-110.85906360021636	0	0	0	1
/home/quinn/tmi_auto_calib/TMI-2017-Ultrasound-Toews/_02/pre/sweep_2a/2d/2a.2dus.00152sm.png	152	0.115259754296482	0.1707846916112	0.00561085555864253	162.29829205543379	0.00535414631877525	0.00315213197628635	-0.206005624837219	-98.178126846374042	-0.170774335076299	0.115371627855079	-0.00267104371983429	-111.04174984337136	0	0	0	1
/home/quinn/tmi_auto_calib/TMI-2017-Ultrasound-Toews/_02/pre/sweep_2a/2d/2a.2dus.00153sm.png	153	0.114947674535133	0.170995034318442	0.0056083252724235	162.12554146988617	0.00545646573582617	0.00308611816213197	-0.206003940845404	-98.312829442979748	-0.170981316127463	0.115061433381407	-0.00280297752905677	-110.68141480148937	0	0	0	1
/home/quinn/tmi_auto_calib/TMI-2017-Ultrasound-Toews/_02/pre/sweep_2a/2d/2a.2dus.00154sm.png	154	0.114953304736106	0.170987700704936	0.00571548762903399	162.09828580351393	0.00539920858662375	0.00325367838741225	-0.206002868639286	-98.534107601526998	-0.17097934858025	0.115067715382075	-0.00266175745958224	-110.73480332681409	0	0	0	1
/home/quinn/tmi_auto_calib/TMI-2017-Ultrasound-Toews/_02/pre/sweep_2a/2d/2a.2dus.00155sm.png	155	0.115162247480891	0.170840841910312	0.00589692949505048	162.07436049618434	0.00572721096204143	0.00324724804822339	-0.205994113124257	-99.213939693698748	-0.170828004653179	0.115285825035642	-0.00293005459121589	-111.238084872374	0	0	0	1
/home/quinn/tmi_auto_calib/TMI-2017-Ultrasound-Toews/_02/pre/sweep_2a/2d/2a.2dus.00156sm.png	156	0.115200346680178	0.170812137943833	0.00598345767363949	162.04665236538577	0.00585692922882215	0.00326324671316992	-0.205990213065986	-99.462836623039109	-0.170797915294116	0.115327898145269	-0.00302720903206056	-111.40390653491926	0	0	0	1
/home/quinn/tmi_auto_calib/TMI-2017-Ultrasound-Toews/_02/pre/sweep_2a/2d/2a.2dus.00157sm.png	157	0.115128881970001	0.170853755341346	0.00616828846215744	161.96000309146078	0.00593379137292583	0.00343580923769551	-0.205985205147927	-99.7723683177109	-0.17084344301237	0.115261220014806	-0.00299685115413441	-111.50667664849887	0	0	0	1
/home/quinn/tmi_auto_calib/TMI-2017-Ultrasound-Toews/_02/pre/sweep_2a/2d/2a.2dus.00158sm.png	158	0.115246598671619	0.17077691465741	0.00609691676638797	161.96317633153251	0.00587619795649272	0.00338612398683131	-0.205987679420046	-99.853503681856907	-0.17076604801962	0.115376509407683	-0.00297273818464001	-111.60698252983346	0	0	0	1
/home/quinn/tmi_auto_calib/TMI-2017-Ultrasound-Toews/_02/pre/sweep_2a/2d/2a.2dus.00159sm.png	159	0.115331277272269	0.170717321958121	0.00616383119120948	162.0663716748526	0.00594377051479084	0.0034193987872011	-0.205985190761008	-100.17849248439992	-0.170706530158793	0.115463687079709	-0.00300699375182625	-111.91006513607498	0	0	0	1
/home/quinn/tmi_auto_calib/TMI-2017-Ultrasound-Toews/_02/pre/sweep_2a/2d/2a.2dus.00160sm.png	160	0.115626702267086	0.170521655638082	0.00604254463833404	161.9803005502321	0.00594165245365788	0.00326800722249957	-0.20598771140928	-100.89312999286521	-0.170506638735854	0.115756833171527	-0.00307961716568107	-112.24071047589553	0	0	0	1
/home/quinn/tmi_auto_calib/TMI-2017-Ultrasound-Toews/_02/pre/sweep_2a/2d/2a.2dus.00161sm.png	161	0.116011862032653	0.170269455613088	0.00576344717278217	161.7194404825992	0.00634104638927701	0.00264938399161043	-0.205984699340751	-101.32380268671051	-0.170230403754576	0.116143241681759	-0.0037443228244119	-112.89382455500972	0	0	0	1
/home/quinn/tmi_auto_calib/TMI-2017-Ultrasound-Toews/_02/pre/sweep_2a/2d/2a.2dus.00162sm.png	162	0.116126467516623	0.170203835338136	0.00538022835372181	161.52631918466273	0.0068082272822595	0.00186321089142182	-0.205978412581783	-101.39765611752664	-0.170134191000587	0.116254643864331	-0.00456950023273129	-112.90829569944326	0	0	0	1
/home/quinn/tmi_auto_calib/TMI-2017-Ultrasound-Toews/_02/pre/sweep_2a/2d/2a.2dus.00163sm.png	163	0.116179240352483	0.170171480470251	0.00526275828660571	161.49785931652065	0.0068611447722046	0.00168308808774385	-0.205978210273686	-101.51353353510805	-0.170096032192333	0.11630474533617	-0.00471316315145847	-112.9447850224373	0	0	0	1
/home/quinn/tmi_auto_calib/TMI-2017-Ultrasound-Toews/_02/pre/sweep_2a/2d/2a.2dus.00164sm.png	164	0.116395161138087	0.170027811855225	0.00513235572812949	161.53489640439889	0.00688024852545567	0.00150472711595205	-0.205978956146221	-101.98822459577958	-0.169947580176674	0.116517116041766	-0.00482308913655389	-113.29302569115109	0	0	0	1
/home/quinn/tmi_auto_calib/TMI-2017-Ultrasound-Toews/_02/pre/sweep_2a/2d/2a.2dus.00165sm.png	165	0.116314768024265	0.170084777974625	0.00506747716276971	161.51727284194362	0.00721492208173708	0.00119967104821386	-0.205969513734646	-102.47917341032004	-0.169988737870649	0.116437487216782	-0.00527387204476174	-113.05029287095164	0	0	0	1
/home/quinn/tmi_auto_calib/TMI-2017-Ultrasound-Toews/_02/pre/sweep_2a/2d/2a.2dus.00166sm.png	166	0.116215314534558	0.170152293625482	0.0050833253669221	161.52398633354241	0.00716781891190412	0.00125481998718275	-0.205970828662586	-102.64988653972043	-0.170058738098694	0.116338221318048	-0.00520683997139527	-112.88794391053494	0	0	0	1
/home/quinn/tmi_auto_calib/TMI-2017-Ultrasound-Toews/_02/pre/sweep_2a/2d/2a.2dus.00167sm.png	167	0.116375609598249	0.170040522124942	0.00515470909009616	161.60985284857023	0.00719395084467798	0.00131744869896666	-0.205969525596419	-102.84835493941195	-0.169947980058372	0.1165008347741	-0.00518817299332	-112.92797755168199	0	0	0	1
/home/quinn/tmi_auto_calib/TMI-2017-Ultrasound-Toews/_02/pre/sweep_2a/2d/2a.2dus.00168sm.png	168	0.11657319366065	0.169901892953855	0.00525907461129694	161.68083509582044	0.0071882452207457	0.00144060729506636	-0.20596889819267	-103.28119579729628	-0.169812752802737	0.116701459973634	-0.00510771482723787	-113.06357458442803	0	0	0	1
/home/quinn/tmi_auto_calib/TMI-2017-Ultrasound-Toews/_02/pre/sweep_2a/2d/2a.2dus.00169sm.png	169	0.116929328493959	0.169664109515699	0.0050219185967263	161.5875255678435	0.00714234155873413	0.00117131024004346	-0.205972206819546	-103.40457029565792	-0.169569662555101	0.117049892410143	-0.00521190854870718	-113.61493778030669	0	0	0	1
/home/quinn/tmi_auto_calib/TMI-2017-Ultrasound-Toews/_02/pre/sweep_2a/2d/2a.2dus.00170sm.png	170	0.117110333959906	0.169542780931251	0.00489907973305709	161.53970447960072	0.00711902298654027	0.00103141180426892	-0.205973764395074	-103.46195359091823	-0.169445686152103	0.117226878157049	-0.00526697616453064	-113.89606763035437	0	0	0	1
/home/quinn/tmi_auto_calib/TMI-2017-Ultrasound-Toews/_02/pre/sweep_2a/2d/2a.2dus.00171sm.png	171	0.117182399990102	0.169493950384868	0.00486488985101539	161.44729624441143	0.00730482649962716	0.000858467463496432	-0.20596805557085	-103.4503522973438	-0.169387945280679	0.117298862548643	-0.00551602849223027	-113.97613561172783	0	0	0	1
/home/quinn/tmi_auto_calib/TMI-2017-Ultrasound-Toews/_02/pre/sweep_2a/2d/2a.2dus.00172sm.png	172	0.117232249516126	0.169458581756676	0.00489560243389267	161.33716280460743	0.00753428063399802	0.000734831908720646	-0.205960270917144	-103.60137047730684	-0.169343395657337	0.117350792199037	-0.00577351883794727	-113.835734455486	0	0	0	1
/home/quinn/tmi_auto_calib/TMI-2017-Ultrasound-Toews/_02/pre/sweep_2a/2d/2a.2dus.00173sm.png	173	0.11726162286539	0.169446023606968	0.00461870660832216	161.23111362273005	0.00743749667377483	0.000464046706158384	-0.205964581067445	-103.59839723605307	-0.169327336275756	0.117370307501945	-0.00584743825998979	-114.07661735180224	0	0	0	1
/home/quinn/tmi_auto_calib/TMI-2017-Ultrasound-Toews/_02/pre/sweep_2a/2d/2a.2dus.00174sm.png	174	0.117276129282519	0.169439939330069	0.00447109457018334	161.17718498642984	0.00738305831109283	0.000321699570634051	-0.205966813493932	-103.59011196603623	-0.169319671965561	0.117379567250303	-0.0058834251696314	-114.20993369275027	0	0	0	1
/home/quinn/tmi_auto_calib/TMI-2017-Ultrasound-Toews/_02/pre/sweep_2a/2d/2a.2dus.00175sm.png	175	0.117368733268612	0.169377756463365	0.00439593410996731	161.18259306117957	0.00736601564932317	0.000238194566710226	-0.20596753861208	-103.74011245780912	-0.169256236601243	0.117469477812089	-0.00591459555747964	-114.35911993581514	0	0	0	1
/home/quinn/tmi_auto_calib/TMI-2017-Ultrasound-Toews/_02/pre/sweep_2a/2d/2a.2dus.00176sm.png	176	0.117430278236987	0.169338741962929	0.00425253889133401	161.01393556821691	0.0074752752425533	-1.47650718828715e-005	-0.205963744252983	-103.91028730084142	-0.169208750888576	0.117525952840488	-0.00614699971496915	-114.57978428653229	0	0	0	1
/home/quinn/tmi_auto_calib/TMI-2017-Ultrasound-Toews/_02/pre/sweep_2a/2d/2a.2dus.00177sm.png	177	0.117434194974743	0.169338150860148	0.0041669978687309	160.94728877886254	0.007473223588074	-0.000117581480172316	-0.205963787527828	-103.97705319485418	-0.169206123245813	0.117526746643141	-0.00620386937161002	-114.61418892453239	0	0	0	1
/home/quinn/tmi_auto_calib/TMI-2017-Ultrasound-Toews/_02/pre/sweep_2a/2d/2a.2dus.00178sm.png	178	0.117587285217951	0.169230481039848	0.00422238191715881	160.8607393301954	0.00740002721435449	-6.05349726143513e-006	-0.205966461572649	-104.48033450228304	-0.169102990264334	0.117681789538723	-0.00607633420858537	-114.93626709862457	0	0	0	1
/home/quinn/tmi_auto_calib/TMI-2017-Ultrasound-Toews/_02/pre/sweep_2a/2d/2a.2dus.00179sm.png	179	0.117819581616034	0.169066575540899	0.00431029926311921	160.77876262959384	0.00731036606998331	0.000153487189622906	-0.20596960313544	-104.99978392734343	-0.168945127481635	0.117917042089834	-0.0059057212699107	-115.17840473483842	0	0	0	1
/home/quinn/tmi_auto_calib/TMI-2017-Ultrasound-Toews/_02/pre/sweep_2a/2d/2a.2dus.00180sm.png	180	0.118125963057676	0.168847680423483	0.0044986985598235	160.61379486308982	0.00703741213247914	0.000561543722849898	-0.205978393505029	-106.06315658166332	-0.168742653310343	0.118229035447796	-0.00544029039495184	-115.31398324224918	0	0	0	1
/home/quinn/tmi_auto_calib/TMI-2017-Ultrasound-Toews/_02/pre/sweep_2a/2d/2a.2dus.00181sm.png	181	0.118112220147646	0.168855928780686	0.00454976978078583	160.53710111103024	0.00691264822129115	0.000711798280386786	-0.205982150908549	-106.31933714866003	-0.168757429793189	0.118216445545785	-0.00525230818364606	-115.25275602665263	0	0	0	1
/home/quinn/tmi_auto_calib/TMI-2017-Ultrasound-Toews/_02/pre/sweep_2a/2d/2a.2dus.00182sm.png	182	0.118095183972966	0.168865154027828	0.00464868508318559	160.44796757404032	0.00686973763234032	0.000863184043320898	-0.205983005016073	-106.42789928244537	-0.16877110413603	0.118202258891804	-0.00513079046268347	-115.26061274286755	0	0	0	1
/home/quinn/tmi_auto_calib/TMI-2017-Ultrasound-Toews/_02/pre/sweep_2a/2d/2a.2dus.00183sm.png	183	0.118109353289755	0.168853965898309	0.00469479418110557	160.40067405081479	0.00701872987085573	0.000814547989906539	-0.205978181428683	-106.52219628638649	-0.168755057584999	0.11821858589344	-0.00528027671204911	-115.21306276449877	0	0	0	1
/home/quinn/tmi_auto_calib/TMI-2017-Ultrasound-Toews/_02/pre/sweep_2a/2d/2a.2dus.00184sm.png	184	0.118135293027253	0.1688391501772	0.00457319927799156	160.23646337452158	0.00693554516979846	0.000723468263463611	-0.205981340445529	-106.6028589847114	-0.168740339334147	0.118240337024943	-0.00526373212208969	-115.21494550129822	0	0	0	1
/home/quinn/tmi_auto_calib/TMI-2017-Ultrasound-Toews/_02/pre/sweep_2a/2d/2a.2dus.00185sm.png	185	0.118129904337991	0.168845719449654	0.00446866983389763	160.10705262596647	0.00679448871306447	0.000694951985317567	-0.205986139763402	-106.67819178674708	-0.168749850335535	0.118231127051748	-0.0051647705190151	-115.40482746683442	0	0	0	1
/home/quinn/tmi_auto_calib/TMI-2017-Ultrasound-Toews/_02/pre/sweep_2a/2d/2a.2dus.00186sm.png	186	0.118126502947283	0.168849385567978	0.00441980250422632	160.04504053038625	0.00672998850921941	0.000680636905722135	-0.205988305030134	-106.71722525063906	-0.168754815990986	0.118225974579948	-0.00512027107314116	-115.50394437627801	0	0	0	1
/home/quinn/tmi_auto_calib/TMI-2017-Ultrasound-Toews/_02/pre/sweep_2a/2d/2a.2dus.00187sm.png	187	0.11811235051115	0.168857267774419	0.00449636000578683	160.00234584242142	0.00674590746252413	0.000763424376637717	-0.205987492770356	-106.91547001755055	-0.168764086088476	0.118214210827797	-0.00508617814346939	-115.55412332606726	0	0	0	1
/home/quinn/tmi_auto_calib/TMI-2017-Ultrasound-Toews/_02/pre/sweep_2a/2d/2a.2dus.00188sm.png	188	0.118258369071874	0.168745319825296	0.00484648126053697	159.9688114512727	0.00692268245892096	0.00106146683380527	-0.205980302935493	-107.43846057713911	-0.168654635204829	0.118371659039987	-0.00505569591845569	-115.92944619298792	0	0	0	1
/home/quinn/tmi_auto_calib/TMI-2017-Ultrasound-Toews/_02/pre/sweep_2a/2d/2a.2dus.00189sm.png	189	0.118286512430868	0.168720537400034	0.00501927379698234	159.9187740004771	0.00694498333488681	0.0012557773902848	-0.205978456106961	-107.72822521404214	-0.168633980998672	0.118405078528116	-0.00496146647372266	-115.88753015618914	0	0	0	1
/home/quinn/tmi_auto_calib/TMI-2017-Ultrasound-Toews/_02/pre/sweep_2a/2d/2a.2dus.00190sm.png	190	0.118292081723878	0.168714317422498	0.00509649075922938	159.89236815263425	0.00694821910765521	0.00134759921303642	-0.205977765219548	-107.8636852372005	-0.168629941044596	0.11841293177555	-0.00491117667451023	-115.84329007558546	0	0	0	1
/home/quinn/tmi_auto_calib/TMI-2017-Ultrasound-Toews/_02/pre/sweep_2a/2d/2a.2dus.00191sm.png	191	0.118353784532437	0.168668986096523	0.00516360279662509	159.7931235718878	0.00693277563284468	0.00143823361741426	-0.205977671161142	-108.1252605387	-0.168587276129946	0.118476427832258	-0.00484456689679887	-115.90961686220744	0	0	0	1
/home/quinn/tmi_auto_calib/TMI-2017-Ultrasound-Toews/_02/pre/sweep_2a/2d/2a.2dus.00192sm.png	192	0.118454670469037	0.16859158674115	0.00537308292955544	159.68348918714176	0.00710725507212714	0.00156789797152432	-0.20597077683218	-108.53239416555668	-0.168509137240246	0.118584897498425	-0.00490945111050642	-116.16212211563581	0	0	0	1
/home/quinn/tmi_auto_calib/TMI-2017-Ultrasound-Toews/_02/pre/sweep_2a/2d/2a.2dus.00193sm.png	193	0.118706171467366	0.168397233880255	0.00589099188560464	159.52184923576061	0.00775303407910537	0.00173651150868005	-0.205946126557393	-109.16877107424411	-0.168303555167943	0.118858384171746	-0.00533130470301611	-116.32879262798957	0	0	0	1
/home/quinn/tmi_auto_calib/TMI-2017-Ultrasound-Toews/_02/pre/sweep_2a/2d/2a.2dus.00194sm.png	194	0.118839028513178	0.168293800655338	0.00616128131606327	159.43597685319156	0.00809089473373909	0.00182315710313402	-0.20593238081234	-109.50104165429413	-0.168193858652723	0.119003496157963	-0.00555218738265069	-116.40800160889117	0	0	0	1
/home/quinn/tmi_auto_calib/TMI-2017-Ultrasound-Toews/_02/pre/sweep_2a/2d/2a.2dus.00195sm.png	195	0.11885128676341	0.168280702668984	0.0062813715927181	159.36144251071795	0.00826867585313227	0.00184384004655703	-0.205925135199347	-109.73235257742988	-0.1681765500846	0.11902169844938	-0.0056847782077148	-116.46775125133939	0	0	0	1
/home/quinn/tmi_auto_calib/TMI-2017-Ultrasound-Toews/_02/pre/sweep_2a/2d/2a.2dus.00196sm.png	196	0.118703909907357	0.168382784678016	0.00633308469111855	159.24042039635029	0.00836239661827706	0.00184698572735152	-0.205921322662122	-110.05592263780753	-0.168275974100717	0.1188771879145	-0.00576494150910379	-116.63144203197514	0	0	0	1
/home/quinn/tmi_auto_calib/TMI-2017-Ultrasound-Toews/_02/pre/sweep_2a/2d/2a.2dus.00197sm.png	197	0.118798751318505	0.168314302977068	0.00637452035994619	159.37218264887275	0.00818943352164702	0.00201604771648632	-0.205926684922969	-110.55530760479078	-0.168217541379605	0.118971384389727	-0.00552264121982868	-116.79132975135795	0	0	0	1
/home/quinn/tmi_auto_calib/TMI-2017-Ultrasound-Toews/_02/pre/sweep_2a/2d/2a.2dus.00198sm.png	198	0.118851397340738	0.168276321679386	0.00639562452932715	159.44262832849714	0.00809928510271747	0.00210356327389152	-0.205929373220095	-110.80887401281046	-0.168184714807914	0.119023585571382	-0.00539656106097548	-116.87053755199763	0	0	0	1
/home/quinn/tmi_auto_calib/TMI-2017-Ultrasound-Toews/_02/pre/sweep_2a/2d/2a.2dus.00199sm.png	199	0.118842253515119	0.168279295393862	0.00648670773742004	159.47884678022612	0.00834767557613821	0.0020396322336445	-0.205920098845522	-111.05463806878053	-0.168179030963923	0.11902049395275	-0.00563641316847965	-116.94175811192532	0	0	0	1
/home/quinn/tmi_auto_calib/TMI-2017-Ultrasound-Toews/_02/pre/sweep_2a/2d/2a.2dus.00200sm.png	200	0.119119189672277	0.16808733420438	0.0063819075700789	159.45818967629106	0.00839125287354507	0.00186889457613573	-0.205919950867816	-111.44026695995676	-0.167980822986056	0.11929423561844	-0.00576009805379031	-117.19181551820644	0	0	0	1
/home/quinn/tmi_auto_calib/TMI-2017-Ultrasound-Toews/_02/pre/sweep_2a/2d/2a.2dus.00201sm.png	201	0.119457407272906	0.167857835131458	0.00609219848504629	159.39005419563856	0.0083031089708546	0.001562024669932	-0.205926084835967	-111.64230227039391	-0.167744858618956	0.119621346767917	-0.00585374589260516	-117.59155382505661	0	0	0	1
/home/quinn/tmi_auto_calib/TMI-2017-Ultrasound-Toews/_02/pre/sweep_2a/2d/2a.2dus.00202sm.png	202	0.119624516880151	0.167743983851388	0.00594640291027199	159.35605962049564	0.00826204340825086	0.00140518101776625	-0.205928868919091	-111.74022109735417	-0.16762775714049	0.119782889790788	-0.00590549552186206	-117.79352040190983	0	0	0	1
/home/quinn/tmi_auto_calib/TMI-2017-Ultrasound-Toews/_02/pre/sweep_2a/2d/2a.2dus.00203sm.png	203	0.119720695636375	0.167677542740728	0.00588381476075382	159.34100929962202	0.00846092754758977	0.00118184088375304	-0.205922200602319	-111.8000203623327	-0.167549154296336	0.119878289323865	-0.00619367921234309	-117.91684269573261	0	0	0	1
/home/quinn/tmi_auto_calib/TMI-2017-Ultrasound-Toews/_02/pre/sweep_2a/2d/2a.2dus.00204sm.png	204	0.120061325728353	0.167433443409239	0.00589244218452249	159.19281181064096	0.00887945885297305	0.00087620464201041	-0.205906111935992	-112.15962466773904	-0.167283545630971	0.120221602186172	-0.00669968892792162	-118.51267341948021	0	0	0	1
/home/quinn/tmi_auto_calib/TMI-2017-Ultrasound-Toews/_02/pre/sweep_2a/2d/2a.2dus.00205sm.png	205	0.120411374853957	0.167184104170194	0.00582703154312897	159.15920974582713	0.00891559244433681	0.000752273292731471	-0.20590504287383	-112.43525022193866	-0.167029830812303	0.120568937692767	-0.00678915766114233	-118.67417036811725	0	0	0	1
/home/quinn/tmi_auto_calib/TMI-2017-Ultrasound-Toews/_02/pre/sweep_2a/2d/2a.2dus.00206sm.png	206	0.120463697805573	0.167144508049283	0.0058809754096028	159.02196555225581	0.00914471294933068	0.000650614428501331	-0.205895343229213	-112.71619442642428	-0.166979708647855	0.120624414893869	-0.00703245362461703	-118.85106469488123	0	0	0	1
/home/quinn/tmi_auto_calib/TMI-2017-Ultrasound-Toews/_02/pre/sweep_2a/2d/2a.2dus.00207sm.png	207	0.120475332649026	0.167134918080851	0.00591503486913461	158.94704343365214	0.0092713107187818	0.000600509360908936	-0.205889835021931	-112.85689341193954	-0.166964332672289	0.120637962040455	-0.00716392604408863	-118.9471594317325	0	0	0	1
/home/quinn/tmi_auto_calib/TMI-2017-Ultrasound-Toews/_02/pre/sweep_2a/2d/2a.2dus.00208sm.png	208	0.12059459069675	0.167050968468961	0.00585534721056856	158.95604826453803	0.00938559575717609	0.000437918728853782	-0.205885070225792	-112.88187503239647	-0.166871827014049	0.120754881886526	-0.00734754424217709	-119.08887094063883	0	0	0	1
/home/quinn/tmi_auto_calib/TMI-2017-Ultrasound-Toews/_02/pre/sweep_2a/2d/2a.2dus.00209sm.png	209	0.120739337836662	0.16694987456957	0.00575400829754366	159.000803501836	0.00938221990788141	0.000307500081858958	-0.205885462493515	-112.92473728944336	-0.166767315779816	0.120895012980537	-0.00741629028351286	-119.22290534056977	0	0	0	1
/home/quinn/tmi_auto_calib/TMI-2017-Ultrasound-Toews/_02/pre/sweep_2a/2d/2a.2dus.00210sm.png	210	0.120883684806241	0.166845020147785	0.00576382322387181	158.94637558565259	0.00926925454901549	0.000393731574499305	-0.2058904305016	-113.49551263493267	-0.166669034411949	0.12103942979869	-0.00726929218948463	-119.51228321291941	0	0	0	1
/home/quinn/tmi_auto_calib/TMI-2017-Ultrasound-Toews/_02/pre/sweep_2a/2d/2a.2dus.00211sm.png	211	0.120958460789531	0.166790560103458	0.00577084741026934	158.91663862680377	0.00921277917627928	0.000439429954604703	-0.20589287181125	-113.7963215439905	-0.166617906682676	0.121114306753371	-0.00719418492323221	-119.66459756409508	0	0	0	1
/home/quinn/tmi_auto_calib/TMI-2017-Ultrasound-Toews/_02/pre/sweep_2a/2d/2a.2dus.00212sm.png	212	0.121087785979512	0.166694253318199	0.00584026240093159	158.89303358485785	0.00936988894603442	0.000403894526652983	-0.205885855751165	-113.99123453427423	-0.166515178382511	0.121246946842215	-0.00733753200504172	-119.9135353694089	0	0	0	1
/home/quinn/tmi_auto_calib/TMI-2017-Ultrasound-Toews/_02/pre/sweep_2a/2d/2a.2dus.00213sm.png	213	0.12149174044901	0.166398075242809	0.00589459553169699	159.09140545877656	0.00971979563311543	0.000193004939239782	-0.205869944223062	-114.21563330580199	-0.166200583451327	0.121653617468785	-0.00773003546803967	-120.25123495699381	0	0	0	1
/home/quinn/tmi_auto_calib/TMI-2017-Ultrasound-Toews/_02/pre/sweep_2a/2d/2a.2dus.00214sm.png	214	0.121578495354415	0.166340919953489	0.00571581345002601	159.06676311527039	0.00929982472164223	0.000274382514381676	-0.205889247828562	-114.44873699299353	-0.166161169024365	0.121731599849515	-0.00734035042895173	-120.37356873058789	0	0	0	1
/home/quinn/tmi_auto_calib/TMI-2017-Ultrasound-Toews/_02/pre/sweep_2a/2d/2a.2dus.00215sm.png	215	0.121611976157811	0.166319643253893	0.00562173082404807	159.04553583382642	0.00907075024881414	0.000323936742147792	-0.205899393528191	-114.56676337766378	-0.166149330750852	0.12176054644894	-0.00712527378361469	-120.43176909736945	0	0	0	1
/home/quinn/tmi_auto_calib/TMI-2017-Ultrasound-Toews/_02/pre/sweep_2a/2d/2a.2dus.00216sm.png	216	0.121714251860764	0.166242070576508	0.00570164511083601	159.03635250857818	0.0090509446329659	0.000432037732054626	-0.205900064658758	-114.77795433971957	-0.166075502887289	0.121866101326386	-0.00704189291138653	-120.36536665688314	0	0	0	1
/home/quinn/tmi_auto_calib/TMI-2017-Ultrasound-Toews/_02/pre/sweep_2a/2d/2a.2dus.00217sm.png	217	0.121900774539871	0.166107860789333	0.00562684633635494	158.88056962231104	0.00925971984923963	0.000175930106421718	-0.205891164705557	-114.83219547648179	-0.165927122915254	0.122049608648487	-0.00735530663687439	-120.51685722378194	0	0	0	1
/home/quinn/tmi_auto_calib/TMI-2017-Ultrasound-Toews/_02/pre/sweep_2a/2d/2a.2dus.00218sm.png	218	0.122137064512799	0.165935039875637	0.00560056104665592	158.72161614058933	0.00952268240901128	-6.37014786912556e-005	-0.20587924059748	-114.93695371035726	-0.165738370198255	0.12228457720519	-0.00770101591958218	-120.74607394136173	0	0	0	1
/home/quinn/tmi_auto_calib/TMI-2017-Ultrasound-Toews/_02/pre/sweep_2a/2d/2a.2dus.00219sm.png	219	0.122257048049996	0.16584690127138	0.00559267433673302	158.64384019609105	0.00965408024425879	-0.000177513028286005	-0.205873056831133	-114.99524025473534	-0.165642278119986	0.122403975288655	-0.00787020355484224	-120.85831220978834	0	0	0	1
/home/quinn/tmi_auto_calib/TMI-2017-Ultrasound-Toews/_02/pre/sweep_2a/2d/2a.2dus.00220sm.png	220	0.122312192372567	0.165807826789228	0.00554499331196359	158.52623990378328	0.00970729915703099	-0.000279338119255817	-0.205870443426454	-115.0265208617715	-0.165598451997996	0.122456710246144	-0.00797165050611177	-120.92978174094738	0	0	0	1
/home/quinn/tmi_auto_calib/TMI-2017-Ultrasound-Toews/_02/pre/sweep_2a/2d/2a.2dus.00221sm.png	221	0.122571084354667	0.165608653714709	0.00577421383652462	158.4283202562826	0.0104072358438831	-0.000529217994927348	-0.205835763468309	-115.21116178531591	-0.165364355549348	0.122725111862956	-0.00867355585757587	-121.14283421439615	0	0	0	1
/home/quinn/tmi_auto_calib/TMI-2017-Ultrasound-Toews/_02/pre/sweep_2a/2d/2a.2dus.00222sm.png	222	0.122621433198328	0.165572406722509	0.00574433319788041	158.23809798000295	0.0103163301813706	-0.000502151355332567	-0.205840406573779	-115.36820923913669	-0.165332721552684	0.12277412314813	-0.00858273248326764	-121.38930469695516	0	0	0	1
/home/quinn/tmi_auto_calib/TMI-2017-Ultrasound-Toews/_02/pre/sweep_2a/2d/2a.2dus.00223sm.png	223	0.122639210032682	0.16556011858286	0.00571884582171375	158.138804066104	0.010243666830412	-0.00048102533524973	-0.20584408525058	-115.44447249752737	-0.165324053956064	0.122790777699776	-0.00851122840990556	-121.51227747215204	0	0	0	1
/home/quinn/tmi_auto_calib/TMI-2017-Ultrasound-Toews/_02/pre/sweep_2a/2d/2a.2dus.00224sm.png	224	0.122693239826092	0.165513763530695	0.00589862220819256	158.03435857837101	0.0104095721915241	-0.000384172845697468	-0.20583596440328	-115.78242346232972	-0.1652735945994	0.122853595111374	-0.00858461725662271	-121.63294274927621	0	0	0	1
/home/quinn/tmi_auto_calib/TMI-2017-Ultrasound-Toews/_02/pre/sweep_2a/2d/2a.2dus.00225sm.png	225	0.122830450793245	0.165406166527189	0.00605826537333784	157.9153140445504	0.0106922214143164	-0.000404827191906822	-0.20582143748172	-115.96121053810961	-0.165153589495342	0.12299835579545	-0.00881855616588789	-121.96333684928814	0	0	0	1
/home/quinn/tmi_auto_calib/TMI-2017-Ultrasound-Toews/_02/pre/sweep_2a/2d/2a.2dus.00226sm.png	226	0.123028843311485	0.165258838624149	0.00605220383736918	157.94701634653958	0.0105723938221581	-0.000336112232448586	-0.205827749377015	-116.05986282274856	-0.165013573885143	0.123196439168606	-0.00867421779355619	-122.13127048855748	0	0	0	1
/home/quinn/tmi_auto_calib/TMI-2017-Ultrasound-Toews/_02/pre/sweep_2a/2d/2a.2dus.00227sm.png	227	0.12308547707554	0.165214224973019	0.0061180744402889	157.94706296265556	0.0104390872504931	-0.000158143588452635	-0.205834763278201	-116.28564928664984	-0.164979823477005	0.12325661927795	-0.00845890244512866	-122.20022145597505	0	0	0	1
/home/quinn/tmi_auto_calib/TMI-2017-Ultrasound-Toews/_02/pre/sweep_2a/2d/2a.2dus.00228sm.png	228	0.123191565084137	0.16513302201161	0.00617431390521543	157.91690848056672	0.0101903210832042	9.12907022151943e-005	-0.205847263978428	-116.62018532277789	-0.164916181778449	0.1233654572641	-0.00810650353861858	-122.37222092754084	0	0	0	1
/home/quinn/tmi_auto_calib/TMI-2017-Ultrasound-Toews/_02/pre/sweep_2a/2d/2a.2dus.00229sm.png	229	0.123247978556591	0.165090660605633	0.00618099587846934	157.89763283750105	0.0100702226645586	0.000186067621831293	-0.205853108242665	-116.75340606024969	-0.164881405140909	0.123422034087498	-0.0079515253888947	-122.46580655995058	0	0	0	1
/home/quinn/tmi_auto_calib/TMI-2017-Ultrasound-Toews/_02/pre/sweep_2a/2d/2a.2dus.00230sm.png	230	0.123280512993167	0.165063564377544	0.00625523727066017	157.87578631839685	0.00998339394492109	0.000341742718887819	-0.205857134816294	-116.94652733381626	-0.164862361761327	0.123457937231893	-0.00778753434279275	-122.52502792265805	0	0	0	1
/home/quinn/tmi_auto_calib/TMI-2017-Ultrasound-Toews/_02/pre/sweep_2a/2d/2a.2dus.00231sm.png	231	0.123239308051773	0.165083370296128	0.00653836103702757	157.84623889167224	0.00999917408283958	0.000685483204561709	-0.205855505265761	-117.32462831190981	-0.164892209739034	0.123430021887332	-0.00759568469290894	-122.47811593076202	0	0	0	1
/home/quinn/tmi_auto_calib/TMI-2017-Ultrasound-Toews/_02/pre/sweep_2a/2d/2a.2dus.00232sm.png	232	0.123320662455715	0.165017223084255	0.00667244866545916	157.8813450784163	0.0101387484522262	0.000743522433932798	-0.205848476208332	-117.62872172780058	-0.164822848401993	0.123518106359396	-0.00766921839178879	-122.42424447677482	0	0	0	1
/home/quinn/tmi_auto_calib/TMI-2017-Ultrasound-Toews/_02/pre/sweep_2a/2d/2a.2dus.00233sm.png	233	0.123308989639902	0.165011174580215	0.00702836644628609	157.98044120921426	0.0103256843408882	0.00104819339207237	-0.205837853284807	-118.18193369646828	-0.1648199765833	0.123523976996089	-0.00763635118529319	-122.39816571209273	0	0	0	1
/home/quinn/tmi_auto_calib/TMI-2017-Ultrasound-Toews/_02/pre/sweep_2a/2d/2a.2dus.00234sm.png	234	0.123366753070978	0.164976973624745	0.00681402244464464	157.79246568588059	0.0102737917348701	0.000816264264301841	-0.205841504061309	-118.0867674038436	-0.164779989088946	0.123571401323003	-0.00773161969630581	-122.57134957643541	0	0	0	1
/home/quinn/tmi_auto_calib/TMI-2017-Ultrasound-Toews/_02/pre/sweep_2a/2d/2a.2dus.00235sm.png	235	0.123395862293864	0.1649596314839	0.00670578577852637	157.69808103388016	0.0102474828343598	0.000699199768113832	-0.205843248357279	-118.0380767124938	-0.164759830141797	0.123595268675786	-0.00777966464844725	-122.65818657993461	0	0	0	1
/home/quinn/tmi_auto_calib/TMI-2017-Ultrasound-Toews/_02/pre/sweep_2a/2d/2a.2dus.00236sm.png	236	0.123324665162737	0.165008944760306	0.00680193612516859	157.6473306481999	0.0105046166596714	0.000630632325090504	-0.205830510080733	-118.13997829818486	-0.164796939763373	0.123529793129514	-0.00802922313057114	-122.75493892144213	0	0	0	1
/home/quinn/tmi_auto_calib/TMI-2017-Ultrasound-Toews/_02/pre/sweep_2a/2d/2a.2dus.00237sm.png	237	0.123308883488518	0.165019160926125	0.00684018243223082	157.62248215441772	0.0107118206332804	0.000524012291884755	-0.20582013248813	-118.22908131677764	-0.164795411087736	0.123516643724703	-0.008259455556426	-122.80207347100145	0	0	0	1
/home/quinn/tmi_auto_calib/TMI-2017-Ultrasound-Toews/_02/pre/sweep_2a/2d/2a.2dus.00238sm.png	238	0.123255135870008	0.165056345138701	0.00691160983940375	157.62300786883227	0.0109225136290424	0.000458638568714629	-0.205809216906551	-118.36390742445394	-0.164821787217982	0.12346720989306	-0.00846932848379697	-122.80580283119212	0	0	0	1
/home/quinn/tmi_auto_calib/TMI-2017-Ultrasound-Toews/_02/pre/sweep_2a/2d/2a.2dus.00239sm.png	239	0.123085522446863	0.165177000888524	0.00705122467031254	157.72523114419656	0.0107984452705044	0.00073624147212248	-0.205814952670344	-118.56353786166207	-0.164956658270478	0.12330440245436	-0.00821091512434179	-122.97474506965349	0	0	0	1
/home/quinn/tmi_auto_calib/TMI-2017-Ultrasound-Toews/_02/pre/sweep_2a/2d/2a.2dus.00240sm.png	240	0.122982109850979	0.16525379169582	0.00705683863680748	157.68864419440621	0.0107241586835991	0.000805103447850987	-0.205818577491089	-118.63301849181116	-0.16503861500016	0.123201036835136	-0.00811466741308208	-122.9553899036673	0	0	0	1
